tag tag.pos Fstp
27133 271 0.0237
44101 42 0.3525
15138 168 0.0233
9171 409 0.0481
21987 153 0.0218
41318 158 0.0046
36797 152 0.0396
19339 238 0.0643
14406 315 0.0581
17768 12 0.1566
17437 296 0.0253
43194 359 0.0722
37573 287 0.0061
31193 374 -0.0027
14014 143 0.2258
41524 379 0.0018
25531 358 0.0147
45250 265 0.2225
38037 115 0.0744
13678 288 0.1391
43737 238 0.1761
30370 299 0.2471
16991 371 0.0077
59828 198 0.0137
44313 223 0.1438
27506 159 0.0307
36033 254 0.0351
31198 36 0.1108
16894 75 0.131
33026 178 0.1186
5658 245 0.0998
31745 53 0.1568
35122 339 0.0757
7659 286 0.0288
31974 127 0.0276
14951 8 0.0985
39977 54 0.1102
20533 174 0.1033
75208 334 -0.0077
25854 196 0.0652
1184 37 0.031
13857 174 0.0289
54079 202 0.0165
51595 242 0.0028
23531 356 0.0254
32444 361 0.0075
22788 220 0.0386
29305 344 -0.0063
14424 135 1e-04
37296 259 0.0525
43286 142 0.0647
838 300 0.0433
36128 196 0.0763
9629 94 0.0843
35221 387 -0.0034
17268 91 0.0564
52089 172 0.1104
21355 165 0.1476
28911 274 0.0489
18397 397 -0.0015
48196 201 0.0202
47346 134 0.1713
14493 79 0.1714
28811 207 0.0087
14467 177 0.1706
17810 404 -0.0166
26931 220 -0.0024
51367 143 -0.0014
25564 286 0.0026
29965 134 0.0228
18533 272 0.0635
44571 334 0.0905
53100 365 -0.0034
28087 287 -0.0055
6158 247 0.044
16830 133 0.0364
16288 128 0.259
50685 321 0.1569
40866 237 0.1351
50131 71 0.1287
3274 272 0.057
51300 235 0.1747
24002 117 0.0299
2509 256 0.0227
2720 177 0.0422
21894 395 -0.0118
52762 146 0.0091
42767 47 0.0142
32823 18 0.0303
5366 155 0.077
830 38 0.0579
26041 342 0.0173
29222 17 0.1038
21133 357 -0.0065
25301 330 0.0256
28234 46 0.0349
46610 51 0.0258
47702 233 0.0385
13104 385 0.0177
34934 373 0.0083
71356 105 0.1037
25348 284 0.0338
54343 273 0.169
35002 152 0.1113
4603 311 -0.0067
24939 381 -0.004
1074 68 0.0579
41117 362 0.0171
20440 55 0.2946
38892 241 0.0834
26009 339 0.0666
50530 284 0.0695
38342 311 0.0239
20567 24 0.1377
51963 120 0.0219
6057 278 0.0044
51509 342 0.0931
45293 164 0.1089
14373 147 -0.0021
12207 48 0.1378
38911 378 5e-04
53156 215 0.0107
50609 282 0.049
13129 47 0.034
21531 281 0.0456
52108 159 0.0046
18313 62 0.1735
29122 193 0.1025
9045 34 0.051
4016 339 0.1086
44576 357 0.0549
1244 365 0.0256
19705 316 0.1012
35713 11 0.0402
4547 180 -0.0062
45040 290 0.0464
36651 213 0.1336
1644 232 -0.0056
34711 46 0.0691
50136 8 0.1783
5375 177 0.0402
2624 332 0.0064
11193 145 0.178
42162 164 0.0111
35970 10 0.0033
37934 359 -0.002
14108 355 0.0022
17456 263 0.0421
18023 235 0.0112
18537 291 -0.0019
39937 277 0.0586
24173 201 0.0223
11529 84 0.5104
12737 150 0.0233
24916 272 0.0252
39044 380 -0.0041
29989 135 0.0216
34051 326 0.0531
14480 156 0.1819
12541 278 -0.0035
8161 363 0.0369
50613 184 0.0223
36522 99 0.1328
52066 312 0.0012
49818 309 0.0686
75 278 -0.0011
9052 210 0.0252
53620 39 0.178
7318 325 0.0673
15196 142 -0.0017
23626 199 -0.0011
27127 326 0.1028
5262 237 0.0115
45370 252 0.0098
13593 170 0.0032
11470 271 0.2377
7504 371 0.0333
46437 69 0.0116
49229 353 0.0087
15229 240 0.0344
22678 337 0.0236
18892 219 0.0232
4878 153 0.0043
13597 190 0.0339
52700 155 9e-04
40715 384 0.0087
51523 380 -0.0032
13039 387 -0.0104
21720 293 -0.0011
28184 210 0.0167
16405 149 0.0163
1046 321 0.1842
25268 243 0.004
53841 19 0.0043
38520 58 0.0243
49530 47 0.0256
19794 165 0.0866
53045 388 -0.0055
10912 239 0.0788
7080 115 0.0935
47748 47 0.0204
27557 214 -0.0046
3754 397 -0.0033
9780 9 0.0177
36662 7 0.0219
44928 401 0.0014
23357 158 0.0215
27235 78 0.0727
43721 314 0.0079
866 109 -0.0036
26457 366 0.0132
8089 391 -0.0054
42022 301 0.0539
58834 74 0.1435
22919 192 0.2562
46859 212 0.0248
26778 394 0.0102
26299 106 0.1232
50236 152 0.1168
4076 91 -0.0028
5635 16 0.078
46235 328 0.0101
10523 225 0.011
47553 213 0.1469
229 225 0.0548
21837 121 0.0493
10505 196 -0.0016
32519 42 0.0609
5305 40 0.065
53093 297 0.0586
26563 362 -0.0042
35278 273 0.1162
77340 162 0.0388
7614 195 -0.0087
15548 234 0.0499
44460 224 0.1186
27643 266 0.139
53510 29 -0.0013
23073 85 0.0028
2263 37 0.0191
29791 244 0.0421
43794 227 0.015
1581 236 -5e-04
19358 368 -2e-04
24193 311 0.0985
18729 360 0.0132
3032 379 -0.0096
9159 294 0.0231
21648 171 0.0439
26534 80 0.1357
46419 229 0.0035
27076 393 -6e-04
5503 44 0.0079
21217 109 0.1389
3629 40 0.092
53185 345 0.0929
6744 191 0.0627
13829 244 0.0478
28630 264 0.2515
45784 65 0.2545
45686 24 0.2445
52582 272 0.2447
33241 394 -0.0137
39686 232 -0.002
54414 295 0.0217
34793 97 0.109
13313 318 -0.0071
31776 283 0.0844
1758 297 0.0569
21096 202 -0.0017
33117 290 0.0051
49462 322 0.0962
36448 77 0.0437
36194 322 0.1017
33867 100 0.0224
43052 110 0.2042
44912 130 0.1522
17960 223 0.1557
48778 26 0.1074
52170 195 0.0404
36877 243 0.02
2832 225 0.0081
16635 388 -0.0099
10393 134 0.03
1870 63 0.0601
49291 136 0.0166
22659 150 0.0113
17169 149 0.0599
8969 207 0.0408
52824 221 0.0847
14337 83 0.0782
47413 198 0.1135
3387 231 -0.0017
53536 252 0.0087
21964 36 0.0764
48014 232 0.0711
21853 357 0.003
23558 221 0.0456
15030 88 0.0906
29027 173 0.0485
21242 276 0.1174
37853 54 0.0293
43893 251 -0.0058
37250 190 0.0619
9246 285 -0.0019
66574 206 0.1004
17738 29 0.1098
52033 30 0.0404
3119 334 -0.004
9486 295 -0.0015
5107 188 0.1537
40769 95 -2e-04
9229 62 0.022
5595 332 -0.0013
29261 216 0.0045
46806 224 -0.0016
21438 73 0.2677
35485 65 0.2111
2641 272 0.0109
20214 197 0.0045
3802 236 0.1435
6870 242 0.0845
4485 274 0.1436
14204 125 0.0809
22759 340 0.0767
26903 367 -0.0046
45321 245 -0.0016
22853 252 0.0461
53912 389 0.0246
44284 364 0.0137
25704 108 0.0854
38700 243 0.0301
5977 109 0.0558
22182 405 0.005
44700 45 0.1307
2750 192 0.0603
4096 240 0.1074
22227 151 0.1185
8738 205 0.1725
37795 125 0.1148
16107 89 0.0683
21391 156 0.0124
11438 401 -0.0022
35759 232 0.1037
50394 318 0.1105
612 291 0.1446
30391 218 0.0386
45129 336 0.0473
43767 282 0.0125
31948 149 0.0273
22118 100 0.0268
5008 50 0.1474
33327 31 0.0812
26738 386 -0.0069
10743 168 0.107
4760 241 0.0486
22918 279 -0.0014
49057 374 0.0161
48299 176 0.1148
52292 155 0.1079
33965 369 0.0314
64494 144 0.0869
45903 111 0.0729
14617 349 0.0029
37757 362 0.0229
41603 373 0.0038
8382 339 0.0088
16728 46 0.0634
21942 73 0.0728
39468 148 0.059
27201 154 0.0676
47144 337 -0.0025
18247 353 0.0258
33520 225 0.0921
29567 150 0.0558
27377 373 -0.0024
38981 212 0.2662
16784 376 0.2162
7073 210 0.1731
2172 305 0.0516
26147 335 0.0603
36980 377 -0.0063
48195 219 0.2175
28038 369 0.0548
28113 52 0.1609
50940 141 0.0158
18015 16 0.1654
15973 373 0.0045
38204 50 0.0369
17629 296 0.206
29183 182 0.3706
16363 160 0.0141
3290 338 0.0435
17863 358 0.0033
22289 72 0.0125
9273 135 0.0558
25580 153 0.0169
44768 223 0.0039
6868 126 0.0707
30717 246 0.0243
38035 195 0.0842
47802 186 0.004
53639 245 0.0147
8260 217 0.0263
8879 67 0.2027
8048 174 0.0234
22218 292 0.003
29585 273 0.2102
22932 167 0.1814
34842 297 0.0218
40314 195 0.0751
53200 83 0.0122
7519 125 0.1997
1529 36 0.0188
6593 27 0.048
16212 60 0.3233
47404 108 0.0213
28235 378 -3e-04
6842 127 -5e-04
2786 406 0.0455
25821 180 0.057
4945 341 0.0351
27770 397 0.0038
25231 60 0.0403
38505 311 0.065
34034 15 -0.0077
32010 158 0.0128
45669 225 0.0165
3612 380 0.0113
817 28 0.0216
7038 115 0.0374
31268 181 0.0394
32319 335 0.0563
7650 87 0.039
32210 226 0.1457
95044 50 -0.0066
13126 326 -0.0061
54275 10 0.0267
30413 327 0.0536
16615 32 -0.0074
10367 47 0.0038
44918 401 0.0027
55197 206 0.1012
35606 107 -0.0063
7199 231 0.0749
37622 8 0.0709
27895 68 0.1559
17101 329 0.0221
8656 329 -0.0071
31088 257 -0.0058
17089 277 0.0445
16004 313 -0.0033
2897 383 0.0128
36066 337 0.0313
25472 328 -0.0035
28759 253 0.0402
3951 160 0.0765
15397 332 9e-04
47103 299 0.0818
17660 104 0.1125
22535 116 0.2226
22321 160 0.0011
12649 57 0.0199
46388 287 -3e-04
44331 197 0.3504
16240 191 0.0809
27329 81 0.039
7509 392 -0.0055
114 14 0.3198
15687 263 0.0398
15871 338 0.0376
26784 231 0.1452
61010 195 0.0847
32645 220 0.0031
34717 386 -0.008
18069 186 0.0623
44276 110 0.0981
40660 332 0.0089
28803 270 0.0304
50869 313 0.038
15814 239 0.0707
32212 21 0.0226
6758 241 0.0792
7035 116 0.032
52453 211 0.0538
28428 358 0.0716
5293 96 0.0315
50077 72 0.044
8864 75 0.0891
41551 274 0.0275
881 19 0.0099
24250 307 0.0104
37473 242 0.0403
35803 338 0.0617
36301 74 0.0321
40689 372 0.1688
30931 51 0.0873
49760 141 0.0718
14325 310 -0.0038
25212 232 0.0459
4920 276 0.1154
38818 71 0.0335
33121 156 0.0934
16490 262 0.1567
24759 240 0.0104
12708 160 0.0206
13614 406 -0.0052
27383 205 0.1133
11141 369 0.0033
5321 245 0.1256
26598 74 0.0731
21527 412 0.0621
28576 395 0.0428
15208 345 0.117
24146 293 0.1016
4948 347 -0.0016
42454 291 0.022
9026 113 0.1365
26615 296 0.2383
13686 127 0.0653
34958 58 0.1075
12530 371 0.0985
8707 380 0.0069
52241 34 0.095
44886 52 0.0253
4059 42 0.0254
22157 268 0.0345
5292 298 0.1463
27058 235 0.1942
53355 279 0.0057
44537 302 0.0514
46861 136 0.08
4637 174 0.0614
15058 252 0.119
928 306 0.1358
43719 123 0.2976
36675 379 0.1645
18144 282 0.0068
6871 357 0.0704
9899 342 0.0778
121 218 0.0678
3713 384 0.1464
47438 240 0.2942
7775 212 0.1593
52880 95 0.2008
36962 351 0.0145
25530 331 0.2401
9901 180 0.1391
26297 182 0.2775
33438 233 0.005
13024 360 -3e-04
18634 309 0.004
42773 14 0.0327
2134 289 0.0075
34563 274 0.0069
47276 339 0.0026
5955 224 0.0896
27465 246 0.051
51132 128 0.0706
46055 64 0.0284
34910 232 0.0619
49369 176 0.2601
10588 55 0.0442
26801 52 0.093
26164 373 0.0072
4531 323 0.0206
8655 84 0.0911
44432 175 0.09
23867 333 0.0735
51315 246 0.0026
25232 134 0.1253
19589 293 -0.0013
24470 55 0.0605
30952 213 0.1284
42719 281 0.0739
29717 237 0.0213
27784 404 -0.0107
23824 28 -0.0033
38584 273 0.2771
22420 319 0.0225
2127 231 0.0868
14060 80 0.034
31945 10 0.0346
23130 159 0.0582
43688 231 0.0406
35303 338 0.0933
40120 295 0.0011
13309 311 0.0519
50477 369 -3e-04
15482 220 0.3426
53800 189 0.0306
45292 385 0.0243
14913 153 0.1626
25061 374 0.0483
20065 257 0.0419
44453 330 0.0207
2877 306 0.151
33768 9 0.3113
27248 282 0.1624
34396 80 0.078
27906 177 0.1473
35036 315 0.1053
22567 287 0.0296
52937 243 0.0737
27619 78 0.3713
48007 194 0.0274
35732 287 0.0025
1295 253 0.1144
6113 70 0.073
41496 66 0.0051
33425 284 0.2589
16152 48 0.1468
41366 349 -0.0061
43680 356 0.0037
52448 357 -0.0022
8723 145 0.0277
26318 114 0.0029
32323 208 0.0283
35518 187 0.0475
40634 151 0.0523
41868 238 0.0972
24804 167 0.0199
33363 395 0.0304
37626 29 0.0597
27640 354 -0.0068
5504 306 0.0965
51709 211 0.0471
9584 314 0.0847
31956 164 0.0485
54570 74 0.0664
2460 134 0.0972
50403 90 0.1644
4232 369 0.0164
41082 351 0.0765
9203 101 0.0855
45252 216 0.0404
22174 9 0.0073
18766 130 0.1232
41460 240 0.2724
26049 34 0.0224
42289 66 0.0648
3060 220 0.0131
4253 232 0.0481
9077 407 -0.0128
52011 327 0.0691
18595 237 0.0555
13408 188 0.0195
12787 241 0.104
46053 357 0.0193
33866 349 0.004
2774 344 -0.0011
27683 308 0.1411
16056 79 0.0364
53114 70 0.3141
19971 7 0.0409
45388 80 0.1021
40650 23 0.1947
16809 109 0.0782
52409 196 -0.0033
10715 192 0.1228
14280 190 0.0305
6892 202 0.0067
41016 349 0.027
52473 183 0.0032
16075 70 -0.0056
5009 287 0.0268
5254 345 0.0996
2534 335 0.0343
12727 351 0.061
33291 86 0.0462
30143 265 0.1082
32997 157 0.0505
30003 27 0.0865
43026 224 0.0186
18627 334 -0.0014
12454 131 0.0225
34195 85 0.0182
49724 390 0.0026
12312 56 0.0214
48362 334 0.0847
39355 94 0.1027
20790 165 0.0659
28386 84 0.2618
49279 10 0.1651
18778 191 0.0023
48298 43 0.0236
10159 193 0.067
12402 119 0.0265
6754 110 0.0152
50815 245 0.0409
22266 336 0.0563
51295 253 0.0132
9565 255 0.0388
5753 150 0.0585
9728 37 0.0192
11094 102 0.018
24934 253 0.0555
4646 312 0.1215
26818 251 0.0512
4123 369 0.1513
2080 243 0.0478
21522 341 0.1309
33540 148 0.1983
1377 287 -0.001
12480 181 0.0132
10017 137 -0.0025
22928 282 0.0586
2579 197 -0.0018
52244 400 0.0287
28256 380 5e-04
49531 31 0.2214
48241 288 0.0129
12613 353 0.0358
9096 27 0.0301
31836 79 0.0789
55694 373 0.1058
40537 12 0.041
41878 328 0.0187
44006 152 0.0299
42838 219 0.0034
24076 61 0.1336
39079 379 -0.0075
30387 266 0.2005
43212 62 0.0342
31648 247 0.1017
12074 82 0.0364
52148 60 0.0252
32051 346 0.0175
53173 258 0.0099
52579 218 0.0059
48193 313 0.1101
36966 274 0.0267
38666 99 0.0099
45563 45 0.0171
38469 359 0.0051
50889 197 0.0657
54403 58 0.0077
39488 329 0.093
38221 231 0.2957
33777 408 -0.0071
28705 228 0.0698
9916 316 -1e-04
6660 240 0.1397
22996 159 0.0147
19261 387 0.0392
19956 141 0.0067
32166 367 0.0114
2232 179 0.0225
4513 125 0.185
39565 302 0.0011
15685 291 0.0266
54566 176 0.0548
7553 277 0.0608
11457 416 -0.0056
54653 194 0.1756
57159 277 4e-04
14721 242 0.1652
5205 234 0.0318
23017 290 0.0757
6708 30 0.0037
53503 207 0.0356
28814 188 0.0364
15168 124 0.0116
18730 323 0.0785
11159 286 -5e-04
26989 103 -0.006
26862 277 0.0386
7972 168 0.0863
31873 44 0.1313
9550 224 0.0366
2821 171 0.1039
12276 44 0.1203
22438 149 0.0731
35165 101 0.0767
15506 152 0.1288
28004 318 0.0628
48878 410 -0.0072
46486 164 0.0537
40949 152 0.0606
60580 48 0.0869
37024 143 0.1157
2647 297 0.0391
39303 72 0.1014
19122 358 0.0298
34521 298 0.003
36488 194 0.0255
28680 293 0.0049
39861 94 0.1701
43397 69 0.0961
41559 134 0.0042
53522 112 0.0266
8071 252 0.0485
45278 103 0.0765
15984 393 0.0035
54355 231 0.0449
53462 147 0.0099
5425 320 0.0162
41436 56 -0.0021
9786 144 0.021
30548 29 0.03
18226 248 0.0277
24913 73 0.0415
41263 155 0.006
27699 334 0.0218
4832 141 -0.0068
23554 113 0.0558
5875 123 0.2815
13230 247 -0.0075
32218 240 0.0303
37392 335 -0.002
36704 355 0.0527
46424 297 0.0049
14849 267 -0.0032
35372 253 0.0222
25860 108 0.0656
52026 191 0.0239
25491 212 -0.0013
49499 153 0.0071
9948 191 0.157
43398 21 0.019
41120 108 0.0174
28443 61 0.1252
47453 288 0.2679
21509 266 0.028
5431 28 0.2365
43665 45 0.1301
36648 329 0.0251
31830 206 0.0659
15623 324 7e-04
45202 29 0.0268
31599 160 0.0034
13442 246 -0.0055
5981 136 -2e-04
42271 124 0.2106
19906 323 0.02
31790 295 -0.0024
34906 15 0.0172
44315 216 0.0834
19747 63 0.1588
5297 203 0.0671
44992 337 0.0436
30824 101 0.0732
1986 376 0.0025
14285 301 0.0133
27981 260 0.0306
51490 383 0.0085
47894 207 0.0255
52478 325 0.0147
15350 160 0.0179
34774 229 0.0193
43203 12 0.1369
54113 354 0
11086 394 0.0665
18064 367 -0.0027
7663 404 -0.0011
18079 315 0.0031
25816 209 0.0753
17893 255 0.0385
23350 24 0.0045
33476 335 0.0225
51091 251 0.0234
15195 175 0.1237
54232 310 0.313
33759 191 -3e-04
27124 33 0.0051
44748 83 0.1104
12295 348 0.0766
30288 263 0.2228
6301 386 0.0016
7853 249 0.0125
32128 201 0.0448
45970 106 0.0387
14141 195 0.1012
48120 195 0.0773
32999 362 0.0018
35541 198 0.167
40673 93 0.1496
32019 328 0.0043
7631 241 -0.0017
30061 85 0.1029
32023 311 -0.0027
53014 152 0.0336
31953 92 -0.0069
23449 165 0.0358
14559 192 0.0317
37501 121 0.0972
24015 136 0.1108
53552 293 0.0573
38862 260 0.1102
71131 123 0.054
42629 30 0.1583
41596 17 0.0187
30846 91 0.0413
1741 386 -0.0076
29064 160 0.006
22524 61 0.038
10171 300 0.1726
9019 40 0.138
33086 51 -0.0094
11120 97 0.0062
6218 158 0.0129
52601 389 0.0253
23347 168 0.1426
9480 394 -0.0015
2050 74 0.0095
2519 77 0.0243
2636 230 0.0185
3379 202 0.1436
27315 86 0.1775
27511 33 0.0944
10976 407 -0.0092
38556 395 0.0057
46085 368 0.0076
52710 196 0.017
12874 78 0.0705
38070 110 0.0728
37051 22 2e-04
19558 102 0.0246
1925 176 0.1204
42589 13 0.0424
27051 193 0.0632
21749 55 0.016
19537 73 0.0964
19335 381 -0.0022
25153 110 0.0508
47439 29 0.189
18348 289 -0.002
6674 291 0.0126
40474 188 -0.0047
14271 379 -0.0102
2054 266 0.0663
26613 243 0.0425
54681 118 0.0321
26779 7 0.0301
45777 369 2e-04
1732 51 0.1811
3450 134 0.0687
53339 60 0.0163
39522 407 0.0032
14130 275 0.0573
32162 144 0.0403
16292 388 0.0147
40342 406 -0.0042
6575 351 0.2331
35487 374 0.0039
32053 307 0.0058
17463 363 0.0137
21520 108 0.0484
1953 96 0.0456
20380 88 0.1024
42563 230 0.1233
49831 186 2e-04
14317 61 0.0326
48663 199 0.1697
13727 94 0.0337
2339 197 0.0301
54472 304 0.0424
50660 47 0.0459
12864 373 0.0302
350 149 0.0104
18688 27 0.328
40321 281 0.201
42602 276 0.0135
49997 255 0.0738
21499 170 0.1783
63498 312 0.027
2523 216 0.0318
24871 125 0.0788
35700 54 0.076
46251 146 0.0402
19983 243 0.0838
36841 86 0.0892
31125 17 0.2356
33353 343 0.0377
51092 381 -0.0028
45709 309 0.0467
3678 13 0.2214
27704 156 0.0757
47624 193 0.0725
32429 372 0.0845
43364 162 0.1519
43592 80 0.1492
40648 330 -0.0027
50925 319 0.0036
14898 108 0.099
35190 381 0.0012
13741 112 0.1368
22849 99 0.0031
35398 258 0.0075
46346 244 0.2601
6565 234 0.0847
10225 370 0.0819
22416 405 -0.0081
20239 117 -0.0016
6546 122 0.0074
21309 48 0.0362
1418 121 0.0421
8586 321 0.0683
17343 65 0.0352
34509 330 -0.0024
43360 106 -0.0018
12588 329 0.0827
45884 227 -0.0051
11151 206 0.0451
46297 163 0.0387
45342 28 0.1337
466 128 0.2272
9059 350 0.0994
9129 310 0.0901
22152 374 -0.0017
6970 239 0.1304
194 68 0.012
39657 105 0.0745
45670 386 -0.0018
53026 38 0.0025
50140 338 0.0374
29288 192 0.1724
14832 157 0.0591
22873 332 0.0226
23331 163 0.0227
21548 210 0.1704
4235 336 0.0279
41763 292 0.0205
14577 209 0.0018
29573 217 0.0729
34441 295 0.0383
25450 325 0.093
27985 200 0.0283
22130 177 0.0401
5911 189 0.0387
22349 294 -0.0014
10648 366 -0.0037
49618 73 0.2342
6485 262 0.0237
8030 137 3e-04
27263 328 -0.0045
45312 159 -0.001
22086 376 -0.0051
29188 133 0.0636
39603 219 0.165
18123 101 -0.0014
19181 212 0.0332
31079 304 -2e-04
53500 208 0.0478
52493 197 0.0311
30402 252 0.1133
45226 61 0.0907
40543 113 0.1665
36649 48 0.2012
32375 268 0.2525
33778 365 -0.0022
13288 137 0.0212
46947 332 0.2414
25523 238 0.0405
67981 14 0.1165
35410 297 -2e-04
25123 163 0.0396
12079 185 0.0216
53250 69 0.0151
53532 229 0.091
2785 413 -0.009
27516 125 0.0131
39950 180 0.0126
25754 50 0.0988
8580 102 0.0808
4320 100 0.0327
22780 96 0.2384
54643 85 0.0979
19098 202 0.0053
22360 236 0.0276
21337 226 0.11
33094 167 0.0412
45849 368 -0.0013
21532 135 0.0271
2634 26 0.0657
10254 331 0.0292
38752 130 0.0775
3199 69 0.0653
3254 220 0.0665
11856 81 0.2273
31283 28 0.1269
48664 254 0.1151
20419 258 0.0228
48013 390 -0.0041
48135 258 -0.0128
49930 324 0.0315
5764 208 0.0798
48641 196 0.0473
28373 311 0.1601
39663 120 0.0749
32870 265 0.0811
2315 201 0.2075
49152 73 0.0239
22021 340 0.1125
19029 152 0.0045
32989 28 0.0032
49143 26 0.0403
41690 275 0.0695
32847 121 0.0969
9033 194 0.058
4827 243 0.0507
62450 299 0.0373
8650 205 0.0275
27199 195 0.0144
49122 277 0.2834
8119 164 0.0391
8174 242 0.1149
25328 299 0.0179
49877 65 0.0945
46693 412 0.0398
9392 288 0.0327
35826 363 0.1756
25691 51 0.0604
26505 210 0.0558
23346 97 0.0686
38864 245 0.185
52336 280 0.122
50979 63 0.005
969 341 0.0556
23227 193 0.0282
8239 392 -0.0116
4486 211 0.0135
2930 76 0.099
18056 195 0.0388
25183 19 0.009
24720 276 0.0762
30404 370 -3e-04
47164 228 0.0039
1863 205 0.2277
54585 318 0.0197
31346 160 0.0922
15842 142 -0.0013
1585 88 0.1599
19491 336 0.0084
50730 384 0.0019
44583 285 0.0045
47116 357 0.1277
15893 242 0.007
4238 378 0.1378
49159 72 0.047
16839 244 0.0737
27936 170 0.0105
10140 199 0.1207
26960 174 0.0302
3116 33 0.0542
26920 364 0.2385
14129 416 0.0111
4876 392 -0.0013
37365 34 0.1501
1866 185 0.0579
39514 182 0.0251
50707 114 0.0592
21977 281 0.03
17894 258 -0.0076
22499 381 -0.0026
45995 365 0.006
45680 186 0.0938
26410 265 0.0049
6318 119 0.082
25977 272 0.007
23298 198 0.0029
40266 322 0.0043
34625 297 0.1426
9619 64 0.0203
13851 357 -0.0063
33657 116 0.2212
62523 251 0.0013
24347 32 0.028
20465 141 0.1048
13531 141 0.1304
23816 389 0.0025
30635 281 0.2069
26120 201 0.0136
39472 216 0.0587
52755 355 0.0036
6147 81 0.2998
22124 56 0.0821
32523 413 -0.0016
46836 280 0.0782
33776 13 0.0354
7267 155 0.2785
21409 316 0.0043
40023 281 0.0345
5582 365 0.0023
43778 132 0.0208
27963 101 0.0234
22842 273 0.0932
10616 267 0.0674
17366 375 0.0494
11394 241 0.0016
45816 268 0.0144
6411 383 -0.0083
8368 42 0.199
14778 233 0.0854
38405 161 0.2321
45459 336 -0.0011
12271 41 0.0058
39418 330 0.0122
38120 113 0.0434
21460 390 -0.0048
11998 137 0.1245
1297 287 0.005
52958 142 0.058
25687 258 0.0631
6441 376 0.0204
15182 262 0.079
11559 329 0.0084
2553 337 0.128
48092 77 0.0578
54234 92 0.0265
44493 265 0.0058
44737 45 0.247
2217 52 0.2174
10454 214 0.0034
12645 207 0.0855
16576 212 0.0508
17013 239 0.0994
6078 343 0.1969
21203 116 0.0528
51972 382 -0.0042
33850 356 0.0631
14627 195 0.0047
16489 331 -0.0016
6616 217 0.0058
32502 55 0.0214
38820 49 0.0628
32633 357 -0.0064
13042 337 0.0913
30867 271 0.0723
25380 203 0.0705
51394 72 0.0811
50324 68 0.1436
953 134 8e-04
16747 312 0.032
48694 194 0.0924
5164 213 0.1106
21236 318 0.0476
45153 96 0.175
31877 227 0.0213
14686 254 0.1819
30309 203 -0.0042
50161 127 0.0073
6472 237 0.0789
54498 394 0.014
24200 80 0.0123
42674 370 -4e-04
49320 91 0.0551
30750 114 0.0188
52489 258 0.05
36754 254 0.0688
43802 193 0.1857
9622 162 0.2779
42047 23 0.0549
40135 22 0.0098
38783 241 0.0044
31144 247 0.0057
2875 343 0.0556
46928 392 0.0151
18422 328 0.0413
23465 270 0.0339
378 215 0.0352
37485 263 0.1437
30427 264 0.0228
75068 261 -7e-04
35107 313 0.0358
17635 317 0.3984
6727 17 0.1903
39349 398 -0.0061
47900 249 0.2089
40259 333 -0.0057
27006 338 0.0259
1970 216 0.036
8639 296 0.0228
27760 343 0.0291
10144 268 0.0227
43845 363 0.0047
33359 185 0.0206
50366 405 8e-04
46287 214 0.0179
17969 345 0.0053
21169 236 0.1037
51880 270 0.1277
2261 118 0.0263
21711 64 0.054
32528 395 -0.0094
41187 314 0.033
34537 71 0.0654
7109 86 0.0777
12862 366 0.0062
2165 299 0.036
25165 294 0.0125
11124 294 0.0418
22966 274 0.0314
22987 86 0.0628
41068 329 -0.002
22346 324 0.1466
10645 31 -0.0089
52371 395 0.0165
53648 202 0.0969
24094 34 0.091
28655 172 0.0216
30777 282 0.0638
25223 373 -0.0049
44759 373 0.024
145 320 0.0395
13369 168 0.073
42456 261 -0.0021
21433 368 0.0994
21664 327 0.0046
40238 283 0.0083
30255 288 0.0693
54072 182 0.0456
45100 162 0.033
4070 290 0.098
46807 297 0.036
25065 370 -0.0098
52313 281 0.0186
45910 200 0.0038
29353 170 0.0515
26851 97 0.0113
7648 312 0.0042
43239 224 0.0205
52308 230 0.0891
33651 233 0.0394
3343 147 0.0635
35271 345 0.076
25933 73 0.1119
17245 178 -0.0081
3823 216 -0.0057
25222 117 0.03
18821 58 0.0434
2280 169 0.1221
5093 120 0.0074
22908 389 0.017
46818 147 0.0784
12290 207 0.0122
4067 170 0.1426
22051 22 0.018
27725 79 0.023
26246 343 0.0087
10977 195 0.0764
45675 374 0.0279
48975 209 0.0539
33168 182 0.0519
11079 390 0.0096
46491 77 0.0245
2697 39 0.0707
27296 232 0.0062
19608 211 0.0845
45242 250 0.0833
568 34 0.2554
10223 354 0.0514
19340 36 0.0698
37244 42 0.1084
20867 365 -0.0061
25100 166 0.0828
16577 338 0.0879
31913 31 0.11
50172 48 0.0801
24970 280 0.0055
40176 261 0.0017
165 383 -0.0047
35211 290 0.0144
4905 246 0.0645
15066 387 0.0416
26027 270 0.117
26190 48 -2e-04
44386 145 0.0201
13840 142 0.0049
47013 159 0.115
24446 333 -0.0065
47389 377 0.0052
30327 73 7e-04
3947 216 -0.001
3389 113 0.027
43146 12 0.0411
8473 282 -8e-04
53233 198 0.0431
14680 144 0.0372
30980 56 0.0319
4726 197 0.0442
51518 151 0.0202
32919 388 -0.0035
39534 339 0.004
47140 173 0.0116
22294 35 0.0039
41653 235 0.089
2566 96 0.0135
47945 124 0.0221
13143 163 0.0063
57390 11 0.0039
15990 98 0.037
14988 23 0.0157
42095 354 0.0186
37141 162 0.049
18765 104 0.0154
27762 354 0.0964
28540 358 0.0674
36729 180 0.0059
47226 352 0.0645
52297 318 -0.0018
34490 51 0.0267
44817 74 0.0412
13166 9 -9e-04
22352 147 0.0277
33932 233 0.0442
24684 228 0.0603
23570 27 0.1315
8821 312 0.089
11886 196 0.0233
16418 348 -0.0035
53217 233 0.2358
52761 134 0.0862
8886 107 0.0306
45461 178 0.0431
40589 81 0.1256
16377 387 0.0101
45452 194 0.0717
47175 370 -0.0013
52728 304 0.04
26234 206 0.0214
31534 246 0.0327
35838 44 0.0131
821 302 -0.0011
51868 175 -0.007
53096 126 0.0864
23007 409 -0.0093
13837 252 0.0813
5286 143 0.0171
35440 341 0.0992
21280 351 -0.0052
29555 318 0.0095
47367 153 0.0606
52109 163 0.1258
43193 391 0.0075
41447 373 0.0983
29375 331 0.0394
45893 50 0.0817
31486 374 0.2062
9345 143 0.0065
10014 78 0.0504
45929 169 0.007
33875 298 0.05
45183 264 0.025
28269 176 0.0066
31600 312 0.0912
24162 164 0.0505
8210 40 0.0342
16486 308 0.0282
32377 181 0.0386
40899 144 0.042
6735 135 0.0217
9865 184 0.0982
44994 304 0.0084
23271 270 0.1614
29713 85 0.1256
28325 381 -0.0142
24903 58 0.0152
10437 163 0.0403
38659 316 0.0477
53396 222 0.5518
53538 387 -0.0016
52882 116 0.0706
43953 14 0.0181
3020 35 0.1616
38346 171 0.2407
17058 389 -0.0096
12173 15 0.0189
46760 392 0.0413
50900 109 -0.0034
390 28 -0.0038
32382 360 0.0093
34369 178 0.0729
21158 83 -7e-04
53824 322 0.0179
27993 106 -0.0017
16258 235 0.0306
5549 378 -0.0057
32127 183 -0.0048
16311 321 -0.0016
28638 182 0.042
32143 273 0.044
28092 9 0.1075
41435 309 -0.0035
21792 129 0.0093
31850 321 -5e-04
25506 313 0.0073
38757 349 0.022
25652 307 0.1274
40196 89 0.0042
40687 339 0.0147
76550 62 0.2011
30709 342 0.0224
19590 362 0.0097
6227 180 0.0279
6884 408 -0.0045
9470 34 0.052
25616 217 0.0067
15220 184 0.1364
23587 259 0.1148
37616 103 0.1729
49740 183 0.0257
7944 235 0.0422
5992 247 0.0754
11077 369 0.0085
18850 250 0.008
19379 295 -0.002
13306 416 0.0049
43329 196 0.0066
29614 65 0.0608
53589 25 0.046
25694 373 -0.0074
45169 328 0.0382
21035 326 -0.0072
46705 269 0.0771
41636 175 0.0708
4159 188 0.0401
10432 280 0.0294
33757 97 0.0577
7278 172 0.0402
32025 357 -0.0037
22523 197 0.0056
44126 235 0.0042
40421 157 0.1784
3208 311 -0.0024
23988 216 0.0687
38006 266 0.0622
50608 366 0.0099
10355 239 0.0035
25187 189 -0.0019
13910 372 0.0076
34212 253 0.0335
49699 233 0.0131
40333 121 0.0623
25912 213 0.062
50519 300 0.1273
39780 292 0.0814
208 277 0.0617
50224 315 0.0157
24979 152 7e-04
23153 297 -5e-04
124173 82 0.051
6751 204 0.011
29434 402 -2e-04
26411 40 0.0404
43596 382 0.0012
21968 66 0.0426
45594 60 0.1485
16703 364 0.0138
39746 276 0.063
1214 180 0.0148
16432 376 0.0048
51743 89 -3e-04
2124 128 0.0187
42390 240 0.0505
21444 359 0.0176
52821 63 0.0536
38614 112 -5e-04
32158 94 -0.0031
38349 361 -0.0036
2646 326 -0.0013
59262 333 0.0329
19191 158 0.0495
36046 370 0.0217
16032 214 0.0154
35607 293 -3e-04
11107 134 0.22
33785 171 0.0788
33444 395 0.1226
42918 199 0.0232
5386 147 0.166
35875 141 0.0888
29342 168 0.0077
48745 168 0.0376
2269 251 0.0336
14232 328 0.0225
25949 400 -0.0072
48128 356 0.0656
25624 15 0.1674
29541 172 0.1143
38957 22 0.0782
5601 304 0.0372
21500 267 0.0654
30978 221 0.0854
22461 354 0.071
54661 316 0.1414
4012 283 0.0794
293 255 0.1262
11223 224 0.0048
54563 137 0.0621
9153 385 -7e-04
37762 150 0.0331
52863 152 -0.0014
16025 175 0.0298
9459 198 0.0074
12880 70 0.0219
41883 193 -4e-04
11122 218 0.213
44503 197 0.0637
15925 365 -0.0017
460 166 0.1197
27769 110 0.0562
18862 58 0.1118
8603 189 0.0508
47691 76 0.0487
44129 127 0.0373
47857 131 0.0405
16033 28 0.1128
28882 183 0.0798
44441 264 0.0303
7834 306 0.0484
14348 219 0.178
34621 74 0.2257
17240 257 0.0282
14059 34 0.0237
52427 186 0.02
22373 79 -3e-04
1858 298 0.0396
17614 252 5e-04
17212 239 0.1362
45519 38 0.3064
7330 240 0.0739
23695 48 0.0674
1283 310 0.1091
63002 87 0.0578
23946 8 0.0294
25689 266 0.0255
45509 163 -0.0023
12002 176 0.0192
2432 201 0.0126
47310 246 -0.0014
27320 256 7e-04
47377 115 0.0407
41251 176 0.0977
29192 113 0.0065
42659 392 -0.0104
40293 191 0.1205
72794 104 0.0647
16096 372 0.0018
41219 187 0.0611
49683 123 -0.0045
28089 287 0.0614
36359 363 0.0035
47636 103 0.0875
24105 141 0.0419
26609 57 0.0679
25161 378 -0.0034
25148 221 0.0497
48643 222 0.2212
34805 159 0.0786
10011 167 0.0671
47273 97 0.0761
6587 82 0.1553
24164 309 -0.0068
169 351 0.0368
32982 39 0.0099
18132 351 -8e-04
27726 26 0.0609
27941 203 0.0357
19735 379 0.0017
34944 41 0.1359
52915 176 0.0695
53599 402 0.0195
38448 267 0.0319
47787 172 0.0632
13441 31 0.09
5002 286 0.0423
34404 46 0.1496
37433 295 0.0691
37883 157 0.0806
3680 314 0.013
29210 154 0.0579
6378 302 0.0237
13291 409 7e-04
16743 150 0.0133
18782 155 0.1997
32590 300 0.1564
13040 148 0.2121
31616 264 0.1128
33212 122 0.121
21143 355 0.038
21939 55 0.0206
37643 226 0.0765
13260 29 0.0129
41428 70 0.1116
33990 26 0.0674
28032 50 0.0144
31550 334 0.008
26705 319 0.0447
17324 137 0.0759
31050 225 0.0291
9240 353 -0.0046
17466 90 0.0986
31261 105 0.023
40677 259 -0.001
31677 151 0.1589
26741 310 0.0426
51781 149 0.0256
8846 298 0.028
13669 92 0.0187
25817 277 -0.0035
3982 65 0.0747
38354 285 -0.0013
32893 191 0.0025
39830 45 0.0165
12582 398 -0.0051
11278 318 0.0474
30951 254 0.2401
27960 346 0.0096
28296 328 0.0072
30599 282 0.0548
4935 320 -0.0014
9711 218 0.0766
19888 246 0.0226
25214 133 0.1097
9734 279 0.222
21620 207 0.0174
53655 401 -0.0105
6809 210 0.1122
39915 137 0.2357
52527 341 0.0024
41516 209 0.058
24792 385 0.0025
8271 26 0.1686
20087 243 0.0728
48953 245 0.0095
50653 260 0.0157
49177 202 0.0383
51517 376 0.1225
6600 179 0.0591
36999 42 0.199
25756 106 0.1402
24629 374 -0.0012
35350 167 0.0497
28057 190 0.1051
41074 69 0.0603
41671 142 0.0033
36382 342 0.0098
52014 257 0.0227
49653 104 0.0425
49549 141 0.2943
23797 379 0.006
50435 276 0.0559
9751 366 0.0366
44659 294 0.1646
36089 331 0.0022
22994 341 0.0975
6562 157 0.0342
26109 122 0.0053
29104 275 0.2477
47718 352 0.0164
942 13 0.1553
11495 248 0.0044
10876 283 0.0023
15581 261 0.0397
41394 25 0.1611
53157 406 -0.011
45282 204 0.0136
40218 317 0.0266
21607 206 0.1429
17029 257 -0.0015
32615 205 -0.0018
25770 201 0.0557
6266 311 7e-04
14739 318 0.086
1890 222 0.0997
25839 338 0.0884
46348 346 -0.0035
24825 38 0.2286
45746 115 0.0804
16321 48 0.073
37435 171 0.1476
36102 216 0.0613
19954 337 -0.0072
28346 83 1e-04
13506 332 -0.002
49747 36 0.0314
17958 373 -0.0045
24181 340 0.1399
44457 38 0.21
54575 348 0.0052
34730 251 0.3155
3416 392 -0.0039
15601 25 0.0176
6065 244 0.0886
33816 45 0.0958
27635 326 0.1371
27400 193 0.0208
40739 252 0.0106
3217 296 0.148
14420 25 1e-04
45530 364 0.0083
41391 163 0.1014
13428 163 0.0402
16926 324 0.1678
19987 31 0.0553
24575 176 0.1314
14969 126 0.0315
51442 123 0.046
31402 177 0.0079
39383 197 0.2736
11897 8 0.1111
37260 309 0.0395
6993 247 0.1393
2363 233 0.0577
42010 27 0.048
44422 48 0.0039
26858 279 0.0445
30344 125 0.2233
18386 298 0.004
4346 219 0.0312
18296 150 0.0616
10506 363 -0.0021
3603 320 0.0378
23876 199 0.0035
5858 275 0.1587
45646 244 0.0295
23372 121 0.1556
27824 394 -0.0115
35995 240 0.0584
29070 228 0.1081
26875 42 0.0897
6032 42 0.1412
43210 199 0.094
47163 365 -0.0032
44638 7 0.005
7655 197 0.1802
49977 163 0.0443
19515 369 0.0258
17504 279 0.1075
2002 18 0.0405
21864 361 -0.0096
5743 88 0.0497
13858 202 0.1943
35249 289 0.0045
28146 375 0.0493
53336 129 0.1216
14765 85 0.1433
34974 320 3e-04
41266 166 0.0661
1647 188 0.0045
43160 289 0.0934
21637 85 0.0384
14196 146 0.0116
17756 322 -3e-04
22748 217 -0.0046
23115 188 0
5361 124 0.0589
24209 352 0.0532
24681 114 0.0297
27734 77 0.0785
52360 281 0.0396
45645 186 0.0799
47897 26 0.0131
45612 328 0.0886
25573 248 0.1015
47849 241 0.0122
52343 58 0.0055
17551 239 0.0692
35216 59 0.0529
42913 129 -0.0049
24512 239 0.053
32935 288 0.1159
40204 232 0.0639
33896 159 0.286
77093 158 0.3195
45979 204 0.085
55338 183 0.0185
20256 338 -0.009
2352 229 0.013
5338 423 0.0016
16421 260 0.0969
15060 97 0.0551
51433 62 0.0217
561 17 0.0041
29251 286 0.0761
40842 93 0.1649
18088 17 0.0885
21886 193 0.025
12122 44 0.1228
47975 205 0.0304
3381 157 0.0636
53574 194 0.0437
35528 277 0.0613
44858 267 0.0772
15935 270 0.0617
22202 122 0.1273
21167 201 0.0432
59180 359 0.125
19715 316 0.0696
53076 341 0.0029
21543 77 0.3189
17666 182 0.0167
17167 288 0.0104
33494 83 0.0686
6403 144 0.0625
15617 198 0.0403
5701 353 0.0245
41056 14 0.0263
9314 396 -0.0077
41306 239 0.0985
31122 319 0.0047
3237 244 0.3009
44299 18 -0.0052
5961 64 -0.001
4138 70 0.0695
34003 34 0.0096
8899 45 -0.0016
11424 57 0.0299
15505 69 0.0484
9607 284 0.1251
53817 367 0.0127
6136 63 0.068
14083 171 0.0772
11758 255 0.0085
33669 346 0.0179
39550 257 -0.002
26310 134 0.0386
40279 373 -0.0017
26737 357 -0.0066
15166 220 0.0028
2726 337 0.0528
1234 304 0.0656
14261 261 -0.0016
17647 168 0.1073
17843 270 0.0116
17714 177 0.1825
52248 240 0.0079
9161 12 -4e-04
45408 345 -0.0086
44961 141 0.0559
18459 207 0.0891
5303 47 0.126
13321 346 0.2987
43114 194 0.0033
26957 204 0.163
14881 396 -0.0066
45368 393 -0.0095
42586 247 0.0076
3782 345 0.0075
53515 331 0.0087
10299 273 0.0389
8931 289 0.0094
52706 277 0.0497
18585 231 0.1178
14056 245 0.0125
40893 312 -0.0013
50959 275 -0.0037
40395 324 0.0692
32095 325 0.0186
16482 209 0.0703
76803 228 0.0078
41224 314 0.0319
5042 249 0.072
44719 9 0.0202
53879 124 0.0309
8366 214 0.0171
32289 312 -0.0013
29580 75 0.0248
20333 210 0.2508
16658 366 0.0171
3227 306 0.1485
41820 320 0.0714
9930 320 -8e-04
14140 199 0.033
29331 158 0.1755
23731 117 0.2513
26714 379 1e-04
43556 26 0.0559
15274 297 0.0094
28489 93 0.0936
34991 123 0.2416
2097 342 0.0626
38725 348 -0.0066
32617 282 0
41338 18 0.1568
10394 251 0.0062
46532 319 0.104
10533 56 0.09
1817 89 0.0538
35000 158 0.0687
53893 190 0.0193
51383 381 -0.0013
21646 204 0.0802
36850 177 0.0836
23064 253 0.0049
8496 399 0.0263
53227 351 0.0548
38923 84 0.2661
29000 171 0.2322
892 358 -3e-04
30063 77 0.1499
2450 91 0.1477
5239 254 0.1056
42513 53 0.0552
6664 54 0.1033
41612 374 -0.0098
32431 71 0.006
13030 249 0.05
44924 21 0.0272
4463 328 -0.0076
49636 290 0.0315
13658 407 0.0029
6617 213 0.0154
8950 401 -0.013
30947 390 -0.0079
29060 75 0.0525
1154 382 0.019
48516 239 0.0276
879 206 0.124
34379 72 0.0158
40708 48 0.0857
38260 256 0.0867
42214 307 0.0679
32901 105 0.0808
45615 299 0.0439
51611 190 0.0707
44863 263 0.2341
50577 62 0.0869
14587 201 0.07
43394 348 0.0987
23696 343 0.0051
41162 243 0.0441
21760 157 0.0908
51403 371 0.0132
35727 288 0.0315
14134 148 0.132
29588 193 0.1679
9668 95 0.1556
41746 74 0.0706
21740 66 0.0049
9536 25 0.0207
36004 326 -0.0018
46275 312 0.0061
21948 227 0.1394
5094 343 0.0134
47106 326 -0.0026
43079 109 0.1399
16231 14 0.0404
15789 391 0.0037
9253 299 0.0259
45487 287 0.0482
50498 336 0.0832
2122 157 0.0158
36508 289 0.0473
15652 324 0.0667
30676 170 0.1854
22418 307 0.0967
6492 220 0.1029
7961 212 0.0701
8257 56 0.1599
5917 51 0.1659
54151 213 0.144
14633 95 0.077
21339 95 0.0587
50594 78 0.0425
33726 167 0.0134
1251 184 0.0138
32449 156 0.0069
12767 267 -0.0035
10788 159 0.0777
38465 15 0.0327
14484 103 0.0795
54291 309 0.0188
23502 339 -0.0036
26160 163 0.0323
53167 242 0.2537
19961 88 0.0608
43186 160 0.2416
35175 77 0.0258
16109 277 0.0892
39578 162 0.2195
74218 273 0.0144
25574 258 0.0387
18663 132 0.0157
53189 36 0.0376
28816 388 0.0326
37649 89 0.005
5233 260 0.0238
14901 313 0.1616
36858 368 -0.0038
41703 261 0.0334
42415 87 0.0569
2181 145 -1e-04
26764 334 -6e-04
2948 344 0.0593
13898 313 -0.0021
17309 311 0.01
30252 359 0.0282
2841 218 0.0556
24484 408 -0.0082
32770 341 0.0351
22536 134 0.2157
32340 362 -3e-04
19435 208 0.0057
4092 162 0.0752
25786 356 -0.0101
13055 328 0.0941
32647 266 0.0807
48252 345 0.0114
14835 285 0.0771
21246 326 0.1381
46263 386 0.0302
51182 163 0.0205
26657 353 0.0258
16630 38 0.0209
45548 280 -0.0015
43497 246 0.0357
6382 155 -0.0032
27814 149 0.1497
25967 33 -0.0127
6498 206 0.0542
48087 389 0.019
20235 392 -0.0045
53466 314 0.1896
14217 407 0.0159
31962 135 0.24
3520 86 0.2973
44498 155 0.1616
37333 314 0.0036
39934 350 0.0631
31136 306 0.1845
75626 292 0.0262
54387 350 0.2725
7111 353 -0.0022
15341 338 -0.0089
10395 303 0.0049
41365 73 0.1246
17564 88 0.1278
48492 89 0.2794
31395 312 0.0197
22974 101 0.1107
34764 225 0.1251
51318 84 0.0362
43318 143 0.0115
25717 232 0.1176
27342 32 0.0787
31994 319 0.057
1052 320 -0.0091
57196 165 0.0147
6290 335 0.1628
20425 8 0.1114
25514 226 -0.0014
44090 277 0.1086
15669 233 0.0246
21153 153 0.0268
52143 223 0.2936
23116 225 0.0465
35620 175 -0.0013
23048 410 -0.0016
44623 231 0.0836
76731 248 0.0183
15486 171 0.1068
32354 382 0.0034
28738 158 0.0395
25253 203 0.032
7914 383 -0.0085
33124 166 0.0729
45164 101 0.0067
37576 375 0.0023
33166 344 0.0072
48875 159 0.0901
33277 121 0.0264
22940 272 0.0734
31248 152 0.0386
10165 239 0.1701
52959 207 0.1218
45987 384 0.0031
23161 364 0.0026
53936 343 0.0325
37215 190 0.1559
53234 166 0.3432
16917 67 0.0688
49958 234 0.0326
29525 156 0.0214
11099 256 0.1529
41884 178 0.0557
44597 293 0.2736
26772 213 0.0307
44629 131 0.1219
2008 10 0.0144
52316 284 0.0548
53631 44 0.1124
48 380 0.0141
29274 217 0.0053
52889 294 0.016
45468 76 0.1083
52262 293 0.1607
34233 181 0.0044
4374 124 0.0096
28887 226 0.055
54337 176 0.2431
46669 32 0.0186
29533 113 0.1857
32490 94 0.0031
45783 269 0.1718
29443 186 0.1039
21124 175 0.0407
24320 353 0.1147
46776 147 0.2104
18504 239 0.1521
21123 20 0.1068
10548 243 0.0842
18723 358 0.0422
28142 308 0.0256
29847 349 0.0425
17001 180 0.0653
41981 111 0.1111
34505 289 -0.0025
207 315 -0.0011
28263 236 0.1624
4492 290 0.0827
33090 150 0.0291
9242 84 0.1118
22249 27 0.0298
51203 376 0.0132
47040 299 0.0192
52610 166 0.0404
27772 316 0.0044
47016 370 0.0104
22964 102 0.1794
2467 49 0.1791
22533 211 0.0448
7177 325 0.0031
24490 230 0.006
15273 365 0.0176
52431 211 0.0882
13694 227 0.0215
33127 171 0.0474
52562 172 0.0407
17316 370 -0.0047
52153 96 0.1033
35943 175 0.023
47829 361 0.0861
45877 156 0.016
50385 277 -7e-04
1543 260 0.0212
31301 24 0.0315
4986 55 -0.0041
20217 228 0.0399
49773 127 0.174
16059 367 0.2479
13830 197 0.119
52298 158 0.0562
20355 265 0.0239
79152 292 0.0048
21925 60 0.0818
2197 375 0.0203
47518 171 0.0608
21441 318 0.0038
28267 184 0.2521
15587 8 0.2495
46369 155 0.0984
34325 243 -0.0053
22930 146 0.0705
32680 214 0.0184
18317 343 -0.002
43983 327 0.0632
26587 372 0.0016
41518 284 0.1103
26091 146 0.0167
21923 192 0.0029
12219 216 0.0027
26945 258 0.1385
35084 337 0.0802
8207 179 0.2036
14624 145 0.0295
12724 373 0.1006
13760 262 0.105
25106 315 0.0157
36047 241 0.0599
45039 142 0.0561
7585 136 2e-04
41320 163 0.1338
12849 70 0.179
24419 313 -0.0023
47942 415 -0.0046
43589 189 0.0504
8547 35 0.003
302 186 -0.0037
11873 135 0.0154
7568 358 0.0254
50595 295 0.1722
43517 125 0.2927
2667 317 -0.0015
33707 382 0.0267
19270 341 -0.0073
9009 174 -0.0016
25641 143 0.058
47336 46 0.2163
42693 69 0.011
16219 222 -7e-04
12016 228 0.0127
27431 355 0.0241
45362 347 0.0028
24387 11 0.0626
46303 308 0.006
50570 55 0.02
48506 164 0.3968
6558 127 0.028
10518 381 0.006
44593 119 0.1154
31423 156 0.0771
36162 155 0.0743
6160 28 0.1011
15825 244 0.1053
39583 147 0.221
12085 240 0.1017
975 132 0.1714
13457 298 0.0853
27068 221 0.0024
455 257 0.0626
38823 388 0.0016
10496 325 3e-04
11675 286 0.3383
25813 172 0.001
16807 359 -0.0035
39907 297 0.177
9956 201 0.0708
45233 260 0.0199
31586 75 0.0497
47565 22 0.0547
34344 324 0.0439
24057 193 0.091
32270 230 0.0294
42833 255 0.0697
10366 172 0.0152
41498 331 0.0036
34723 266 0.0678
2767 267 0.0808
50834 100 0.186
6235 57 0.1753
39125 154 0.1738
42925 381 0.0329
5499 174 0.0653
45319 314 -0.0076
25397 72 0.0278
41634 318 0.0115
34545 263 0.1257
9615 158 0.008
19575 46 0.1823
22048 26 0.0484
53492 98 0.0828
11913 391 -0.0019
15520 296 0.0566
44769 267 0.1357
49089 223 0.1858
53210 26 0.0285
44333 193 0.0631
48774 43 0.1272
50238 238 0.0558
29930 147 0.1386
5894 250 0.0046
20284 367 -0.0048
2707 344 0.0231
25554 258 -0.003
36090 261 0.0839
40500 143 0.097
4294 193 0.1255
32653 326 0.0108
39549 320 0.0174
70644 230 0.0149
48185 385 0.0012
14176 50 0.1933
58060 196 0.0663
31992 331 0.0982
31338 166 0.0065
17509 26 0.0047
7460 79 0.1691
32706 279 0.1789
21139 378 -0.0089
32310 72 0.0104
41228 249 0.2277
6462 248 0.08
1508 341 0.1072
32910 326 -0.0011
39532 64 0.1112
34465 246 0.0719
22333 233 0.0035
76171 203 -0.0038
27119 304 0.0627
43505 297 0.0201
41477 341 0.0085
41360 35 0.0681
38741 346 0.0101
30782 226 0.0125
2196 222 0.0508
49668 78 0.046
5027 123 0.0036
34823 32 0.0508
2091 161 0.1101
27632 122 0.1108
52859 97 0.0803
38832 324 0.0063
37292 371 0.0435
7630 211 0.0966
6862 74 0.0527
33804 355 0.0514
51532 8 0.0155
7800 369 0.0381
37280 291 0.0438
4791 68 0.0124
52184 267 -9e-04
831 27 -0.0023
13835 149 0.0197
48172 371 0.0206
698 298 0.0053
33739 251 5e-04
42348 119 0.1147
17434 374 -0.0022
21635 355 0.0857
49867 40 -0.0086
20035 281 0.0287
26754 167 0.0336
41341 235 0.0149
21160 203 0.1395
34968 213 -0.0018
26579 259 0.0896
48850 27 0.0508
49397 193 -0.0037
39126 401 0.0135
29413 103 0.1392
17670 283 0.0235
21352 321 0.0354
1993 387 -0.0015
32682 93 0.1355
20802 211 0.0594
38978 271 0.0899
32603 322 0.0041
32829 374 -0.0029
25056 311 0.3633
48399 233 0.0441
54277 232 0.0488
12511 24 0.1726
38038 97 0.0022
1915 356 0.0427
44260 125 0.1683
11818 246 0.1656
34894 349 2e-04
5234 189 0.0697
29372 215 0.1788
46916 319 0.1119
44321 327 -0.0047
46479 220 0.0634
9797 158 0.0464
22094 133 0.0227
42949 219 0.0667
17155 263 0.0603
50174 257 0.0196
26370 358 0.0095
4130 218 0.0791
18012 211 0.0748
52039 397 -0.0023
27113 276 0.1114
24865 339 0.0052
48497 185 0.0132
45449 208 0.022
53419 194 -0.0023
39363 348 0.0205
9664 35 0.0017
19259 91 0.0011
6641 68 0.0236
28817 360 0.0021
53764 327 0.0696
26255 40 0.3289
23600 87 0.0117
38054 144 0.0213
53000 172 0.0568
16434 356 0.0426
13470 219 0.0098
37357 353 -0.0068
17423 119 0.16
43475 225 0.0403
36762 61 0.1082
5331 123 0.1059
53445 147 0.0074
32131 64 0.0116
41796 228 0.0046
42894 359 0.0036
10938 283 -0.007
13714 245 -0.0021
32637 287 0.0045
33378 389 0.0037
10251 393 0.0012
10421 188 0.0896
42294 159 0.0272
29630 284 0.0526
45065 36 0.0148
23850 324 0.0982
38758 242 0.2832
51619 341 0.0018
43909 374 -0.0028
34108 127 0.0381
53032 235 0.005
1781 269 0.0055
17197 147 -0.0015
42243 125 0.0518
6831 308 0.096
14019 14 0.104
31764 13 0.0045
52480 32 0.1074
24909 205 0.0127
26172 157 0.0222
26880 287 0.0235
50239 238 0.026
19925 295 0.0083
53670 103 0.0172
40994 235 0.1166
9811 190 0.09
52270 202 0.0855
34716 25 0.1367
14588 268 0.129
46742 206 0.0569
1541 374 0.0025
3606 196 0.0414
5736 238 0.0238
13452 163 0.0311
13604 69 0.0501
4723 201 0.018
23544 142 -0.0017
14042 106 0.0638
19753 95 0.0431
10176 330 0.2132
32276 40 0.025
251 263 0.0524
14385 266 0.059
40931 340 0.0475
26494 172 0.1602
36688 360 0.0372
15962 293 0.1934
29947 205 0.2135
42565 162 0.0767
24706 350 0.0054
44390 230 0.0346
15702 182 0.0218
7529 32 0.1492
42040 186 0.0196
43177 195 0.2608
47538 147 0.0278
44358 147 0.0626
21634 356 0.0386
41235 246 0.0382
14331 149 -0.0015
19248 184 0.0222
38893 295 0.0399
19554 269 0.1465
37536 193 0.0242
51421 82 0.0983
10708 369 0.0023
7189 216 0.0237
27081 247 0.136
44202 369 -0.0087
13067 397 -0.0013
46833 316 0.0605
48950 10 0.0285
20247 8 0.1071
44175 266 0.0663
21476 377 -0.0014
14215 288 0.0236
11111 319 0.0439
13253 354 6e-04
75631 136 -0.0013
45054 242 0.0018
3605 235 0.0068
3207 53 0.034
33175 359 0.009
4691 176 0.0799
45514 344 -0.0027
43608 46 0.0388
37430 359 -0.0072
31220 94 0.0223
34863 335 -0.0082
48623 40 0.0266
37666 62 0.0152
24355 162 -0.0065
35978 232 0.0403
9068 58 0.0076
22404 268 0.019
40183 258 0.0095
34843 34 0.0419
22585 56 0.0492
45135 246 0.0858
6796 372 -0.0048
24653 241 0.0553
23181 46 0.0049
51002 254 0.0089
4921 194 0.0086
38266 33 0.0033
33149 23 0.141
21196 254 0.0404
23862 43 0.025
42814 341 0.027
25775 120 0.0028
8330 306 0.0414
30236 141 -0.0055
24020 32 0.1927
4108 42 0.0984
16580 322 0.1658
17147 210 0.011
10438 331 0.0633
26508 82 0.1259
9006 345 0.0272
1721 306 0.0534
8713 420 0.0252
24810 381 0.0456
32749 386 -0.0139
43168 315 0.0035
52342 255 0.1381
23607 289 0.0732
39380 266 0.0771
19183 55 0.0367
20223 316 0.049
51187 307 0.157
9414 128 0.0256
79503 103 0.0217
17430 347 0.0105
48217 71 0.0842
34844 50 0.059
42880 142 0.0418
35501 408 -0.011
22216 276 0.0269
37415 122 0.012
16684 17 0.0442
48025 194 0.1047
2430 293 0.1248
37744 142 0.0976
37484 263 0.0854
38740 72 0.0269
9137 226 0.113
20677 314 0.0044
41707 315 0.0542
23651 393 0.0106
35090 278 0.0393
30328 310 0.0625
26922 319 0.0405
41722 200 0.0559
47284 218 0.2213
16093 127 0.1306
22410 216 0.0208
37045 402 0.0043
1620 350 0.0802
29179 216 0.0064
31235 25 0.1565
1363 385 -0.0044
32797 196 0.0671
24621 397 -0.0026
41720 393 -0.006
50388 234 0.0161
34989 103 0.3055
6060 12 0.1464
52145 197 0.044
28025 216 0.0759
49290 207 0.008
26184 59 0.0029
30511 156 0.1245
48259 25 0.0939
4184 263 0.0769
34399 103 0.0387
48280 388 -0.0055
16278 304 -0.0022
2320 318 -0.0021
33192 12 0.1359
44841 61 0.0221
101772 306 0.0039
33878 33 0.1521
26229 150 0.0515
50511 171 0.0637
58512 258 0.0113
60711 281 0.0789
22643 395 -0.0067
17362 170 0.1134
684 166 0.006
33632 68 0.1568
70215 220 0.1641
42382 102 0.1069
11123 90 0.1298
12336 142 0.2196
25177 207 0.0235
53048 102 0.1903
49294 101 0.0992
3856 379 -0.0027
43260 7 0.0754
38123 36 0.0149
43357 320 0.2544
24768 301 5e-04
17476 271 0.0192
49004 300 0.0453
10019 392 0.0166
43960 85 0.1
24788 16 0.1119
25339 127 0.0053
5076 331 0.1214
6076 270 0.0092
53149 270 0.0104
19581 284 0.065
13668 197 0.001
50713 147 0.1894
22854 407 0.0029
4497 75 0.0758
32286 336 0.0625
7183 206 0.0035
6081 208 0.0294
20346 375 0.0124
1675 181 0.0387
22437 271 0.0332
26521 348 0.0249
4772 364 0.0315
20201 245 0.1215
1708 90 0.0389
13588 165 0.046
24923 258 0.0414
39966 216 0.0388
7716 66 -0.0048
33460 198 0.0126
18514 176 0.0745
41256 130 0.067
50960 392 -0.0082
11904 151 0.001
29581 295 -0.0027
50441 36 0.1336
18635 347 0.1017
45739 197 -0.0016
34346 291 0.0571
5092 301 0.0072
59528 226 0.0577
52238 264 0.0041
36867 265 0.0054
6826 240 0.0225
1321 89 0.0668
53993 60 0.0403
49603 108 0.1398
52802 282 0.021
9084 101 0.072
41514 173 0.0753
45870 253 0.0581
3337 308 0.0622
32673 209 0.0102
12913 44 0.0468
16529 175 0.0064
32012 226 0.1864
54484 78 0.0589
33534 23 0.0438
53783 83 0.0429
22329 405 -0.0016
17501 169 0.1784
2463 154 0.0494
18809 270 0.1754
16879 182 0.1239
38912 342 0.0067
35319 190 0.0658
42147 42 0.1256
1008 165 0.0188
22557 343 0.031
42270 330 0.0535
14082 389 0.0134
6416 200 0.1017
75201 170 0.013
37770 268 0.0045
37644 334 -0.0065
21656 62 0.1544
41393 234 0.2368
23052 324 0.1509
51159 328 -0.0024
26870 312 0.2509
22323 271 0.0423
23729 167 0.0035
32631 326 0.0357
16327 159 0.0051
10932 288 0.0061
33375 44 0.0054
14762 221 -0.0022
9910 127 0.1488
14376 108 0.0068
42638 222 0.0507
17677 41 0.0798
40576 191 0.036
53576 197 0.196
41920 121 0.1088
41333 288 0.1251
45074 235 0.0917
16805 355 -0.0085
27035 363 0.0029
41643 273 0.0323
54580 302 0.151
50788 342 0.0697
31308 271 0.0271
10833 137 0.0942
18076 15 0.0859
29359 265 0.1306
14470 365 0.0782
3659 135 0.2125
50784 34 0.0558
30649 285 0.0056
34341 193 0.006
25260 147 0.0521
45261 215 0.0862
45072 352 -0.0083
8593 224 0.0319
33238 338 0.0574
15646 286 0.086
12801 43 0.0465
48215 59 0.0577
31795 143 0.052
23930 281 -0.002
19616 195 0.0201
31045 356 8e-04
15237 24 0.0141
10565 222 0.037
5711 372 0.1255
33868 135 0.049
19076 93 0.1504
40332 25 0.048
22513 166 0.0706
8745 352 -0.004
37746 350 0.1432
23844 322 0.0019
20526 63 0.0118
8360 403 0.0023
30958 156 0.0405
33601 393 0.0032
29569 175 0.0214
6069 184 0.0446
29373 273 0.1233
2525 190 0.0679
53254 27 0.0468
49802 111 0.038
52820 229 0.0388
10053 275 -0.0013
34392 298 0.1019
17378 374 0.0011
54000 94 0.125
30211 413 -0.0069
3306 42 0.0159
28903 173 0.0822
51373 264 0.2568
41620 310 0.1603
34062 404 -0.0068
48539 52 0.1875
2222 43 0.2367
16918 161 0.0831
4462 344 0.0836
22660 159 0.2054
14700 253 0.116
10777 346 0.0437
52414 117 0.0801
21445 292 0.0573
24758 377 0.0357
48594 308 0.0489
54037 197 0.0129
19782 296 0.0233
33964 129 0.0416
54201 231 0.033
48678 290 0.0134
14725 64 0.1161
7428 381 0.0021
24893 238 6e-04
3368 209 0.0697
42144 359 0.0208
51629 97 0.079
52445 403 0.0294
36795 341 -0.002
10944 157 7e-04
24394 61 0.249
40037 234 0.1344
897 141 0.1994
15147 201 0.1825
40642 262 0.3364
34562 170 0.0105
45116 102 0.0167
21625 85 0.0063
47030 284 -0.0047
49746 345 0.0459
29624 210 0.0376
28787 341 0.0129
27107 240 0.0433
52841 208 0.0484
15456 331 -0.0017
54233 201 0.0187
13003 218 0.0313
1538 367 0.0114
29049 141 0.0513
39394 223 3e-04
52941 179 0.181
15153 115 0.0183
41279 387 -0.0074
13368 236 0.0079
27529 271 0.0925
6860 65 0.1482
30287 84 0.1395
5946 27 0.064
18130 323 0.1959
45348 388 -0.0017
54066 182 0.0204
27447 66 0.0045
6934 307 0.0566
8602 204 0.0858
32555 294 0.096
54615 136 0.1359
28101 76 0.1664
62078 259 0.1173
8872 281 0.0424
9237 62 0.2758
22013 71 0.0281
14286 275 0.1053
16610 45 0.063
10484 48 0.0669
33213 14 0.0572
30099 218 0.026
44420 65 -0.0024
29368 160 -0.0026
13100 340 0.0079
4342 225 0.0736
4505 283 1e-04
31715 310 0.1914
26182 199 0.1314
9673 20 0.0931
30847 286 0.105
12327 282 0.0045
39778 267 0.0105
35380 240 0.0327
15329 92 0.09
14075 189 0.1718
37347 248 0.191
44092 349 0.0046
22064 50 0.0942
46409 222 0.038
38390 110 0.1595
48286 77 0.0401
21855 29 0.1153
9176 84 0.0036
25539 40 0.0058
2373 192 0.0466
40471 392 0.0708
41613 56 0.0638
34152 246 0.0056
32237 311 -0.0061
26756 330 0.1568
37599 157 0.1306
38880 186 0.0413
50290 321 0.0211
15420 96 0.111
2744 205 0.0109
23996 257 -0.0015
48609 85 0.0733
19784 304 0.0049
17131 154 0.0187
49964 96 0.0386
54317 262 0.0128
10656 251 0.0167
13087 391 0.0896
29983 295 0.0116
26034 216 0.0803
18326 77 0.0188
4014 398 0.0176
26974 201 0.0214
16994 297 0.0276
39118 52 0.0498
17690 305 0.0111
36996 249 0.0677
7708 353 0.0342
17500 71 0.0496
44230 289 0.1039
53624 227 0.0875
11095 191 0.0851
45838 16 0.0046
37958 252 0.088
14807 367 0.0019
38931 51 0.199
35480 333 0.0377
43094 120 0.0626
9165 209 0.0252
21398 317 0.0533
41351 97 0.0387
92816 333 -0.0103
12854 353 0.0589
33750 296 0.1718
8595 83 0.1201
43303 137 -0.0077
33741 104 0.0137
14649 336 0.0368
64840 303 0.1644
13273 373 0.0304
39969 66 0.0076
39260 84 0.1894
32627 294 0.0244
32399 226 0.0061
29598 217 0.0381
26047 343 0.0239
41875 94 0.0207
24 230 0.0231
51630 300 0.0087
40826 330 0.0076
47065 204 0.1434
23292 28 0.0166
3786 378 0.0083
22664 374 0.0059
41692 273 0.0143
35763 352 0.0625
20559 360 0.0237
8375 323 -0.0068
40790 344 0.0064
19828 337 0.0857
35315 347 0.0202
30193 122 0.1162
46264 293 0.0099
32061 26 0.1973
28501 77 0.1982
26861 157 0.0872
49013 96 0.0948
7179 234 0.0412
23477 274 0.0368
40282 125 0.06
42244 273 0.0749
33926 99 0.2904
2630 365 0.0142
48307 30 0.0879
45120 338 0.1091
5565 287 0.0369
22795 284 0.0477
1440 220 -0.0111
19425 355 0.0099
22920 194 0.0217
36595 316 0.0495
29754 330 0.1199
1 317 0.3582
26163 80 0.2561
10377 33 0.1198
35070 165 0.1201
30791 243 0.111
46573 128 0.0318
19062 125 0.1067
35513 263 0.02
53290 369 -0.0076
34213 49 0.1836
39223 294 0.0238
16642 220 0.1389
23221 237 0.4683
31049 207 0.0892
6584 15 0.0168
24220 39 0.0885
41584 325 -0.0053
26753 322 0.0483
51801 331 0.1397
41816 72 0.2485
25936 150 0.0047
50675 221 0.0124
48611 168 0.0581
51061 222 0.0928
5840 331 -0.0054
5754 183 0.0642
56514 115 0.0269
24068 93 0.15
51648 169 -0.0086
21482 405 -0.014
45327 36 0.0708
21563 166 0.0096
5416 315 0.0334
7495 359 0.0329
27388 376 0.0027
34511 184 0.0205
53856 197 0.0143
25548 62 0.0623
6682 178 0.0279
47109 214 0.0637
14195 364 0.0259
9864 288 0.0686
39251 371 0.0088
33122 47 0.0245
46713 227 0.0934
52566 211 0.0031
6056 341 0.1285
53487 207 0.1564
41845 312 0.0971
31150 385 -0.0026
53491 37 0.0422
4540 90 0.211
979 255 0.1155
25329 18 0.1211
20162 197 0.0541
53360 168 0.0935
47703 166 0.0341
16373 38 0.0613
34211 41 0.0353
19303 193 0.0689
31024 286 0.0018
27355 198 0.1017
30308 220 -0.0025
54213 67 0.0609
45286 9 0.0055
23309 276 0.0054
53814 243 0.0301
49250 293 0.0216
7680 285 -0.0066
10379 251 0.0116
40442 113 0.041
11130 371 0.0018
26901 151 0.0549
34543 14 0.0037
7360 195 0.0117
12073 8 0.0586
20282 379 -0.0058
44409 262 0.0446
52417 306 0.0503
21775 241 0.2019
3551 280 0.006
14891 358 0.0128
31870 315 0.0157
53680 244 0.1928
52867 187 0.1665
47489 189 0.0078
28170 278 0.0553
26919 231 0.0701
38607 198 0.0039
51109 294 0.1328
16619 176 0.1247
42364 54 0.094
28971 307 0.0492
39665 179 0.1081
23792 160 0.1615
29698 327 0.0427
23557 197 0.1953
34652 269 0.0286
15394 304 0.3461
2761 224 0.0135
46933 256 0.0102
25302 107 0.0677
41739 19 0.1631
50418 107 0.005
28312 148 0.1526
2658 158 0.1464
551 230 0.0791
8487 123 0.073
3756 46 0.0953
5350 117 0.0581
32425 281 0.157
39500 290 0.1955
13034 341 0.0105
26017 212 0.0728
14667 146 0.0327
26085 186 0.0715
43598 210 0.0991
22665 216 0.2472
23071 311 0.0031
45889 219 0.0265
28604 102 0.0478
45725 258 0.0702
48274 212 0.2569
36379 158 0.2471
9881 230 0.1846
52317 59 0.0084
19504 286 0.0812
29095 37 0.2148
51458 40 0.1841
32086 227 0.0407
20430 297 0.0385
20386 354 0.0207
9760 366 0.0699
24079 324 0.0392
405 266 0.0055
31329 42 -0.0023
33418 377 -0.0033
53232 365 0.0443
25558 303 0.0089
40697 345 0
16526 79 0.1101
46131 145 -0.0011
18591 250 0.0115
6921 257 0.0357
16078 289 0.0041
4360 201 0.2038
3102 67 0.1693
10321 173 0.0071
39692 419 0.004
12815 215 0.0696
22525 146 0.1047
6577 209 0.006
36512 199 0.008
10227 53 0.0751
31026 245 0.3834
13718 344 0.1644
15970 336 0.0037
37137 267 0.1384
53740 80 0.0798
33670 12 0.0558
25749 265 0.013
7493 176 0.0047
43707 99 0.0043
14756 40 0.0418
16638 382 0.0025
11785 219 0.0027
4512 390 0.0182
45513 42 0.215
45095 29 0.011
49332 326 -0.0045
38022 408 -0.0032
32485 280 0.0358
16394 108 0.1517
818 282 0.0022
27474 356 -0.0027
19636 37 0.0166
1957 337 0.001
16543 133 0.0934
28701 21 0.0157
54446 48 0.0443
16523 151 0.0137
31724 102 0.1426
38608 311 0.1762
2188 211 0.0817
30185 275 -0.0015
13271 253 0.005
9447 341 0.0066
13513 378 0.0113
46048 244 0.0267
36442 161 0.0191
3642 148 0.0022
9520 252 0.073
23834 399 -0.0083
26474 264 0.005
6460 271 -0.0019
51246 235 -0.0013
9365 384 0.0042
46218 388 0.0031
18454 319 0.0067
26090 343 0.0253
26699 255 0.1126
9803 80 0.0223
41576 325 0.0087
41530 395 -0.0045
32381 106 0.1391
23947 128 0.0632
30853 125 0.0315
20737 234 0.0738
39070 231 -0.0016
4582 157 0.0215
25853 248 0.3041
4596 213 0.2048
51940 33 0.0082
15580 380 -3e-04
35029 228 -0.0015
41124 131 0.0213
3355 308 7e-04
15043 169 0.0646
7002 231 0.0198
12260 353 -0.0067
51713 57 0.0858
39910 127 0.0294
37130 165 0.0872
7324 214 0.0421
8983 202 0.0255
50765 387 -0.0063
43261 137 0.0216
26363 122 0.1071
2175 83 -0.0033
2727 136 0.0308
16636 58 0.0373
48705 66 0.0968
10120 96 0.0482
34898 366 0.0487
52309 14 0.1197
41939 291 0.1213
5081 64 -0.001
10770 299 0.0074
54527 381 -0.0129
44226 312 0.1428
53693 287 0.0133
7240 52 0.0447
27253 277 0.0177
12160 11 0.0146
13094 61 0.1259
16055 64 0.0053
46965 335 0.0408
34443 164 0.0297
29420 65 0.1257
8958 287 0.0194
50810 29 0.2273
20027 194 -0.0015
17830 213 0.0129
2848 101 0.1582
53955 159 0.3028
46832 264 -5e-04
41743 208 0.0074
20564 62 -0.0018
53539 300 -0.0016
9997 149 0.0514
24946 377 -0.0034
25108 179 0.0053
49946 78 0.125
6671 242 0.0398
16087 321 0.1325
126482 213 0.0174
45847 347 0.001
1775 198 0.005
52425 122 0.0519
10442 43 0.107
28791 289 -0.002
6849 405 0.0182
46446 290 0.016
22350 221 0.1355
49545 280 -0.0014
14622 156 0.0565
51597 377 0.0114
21159 328 0.1488
34762 41 0.0191
16993 300 0.017
30813 286 0.1686
31527 38 0.1785
45344 63 -0.0011
10761 341 0.1346
17179 356 0.1856
50775 313 0.0547
5579 80 0.0459
22826 62 0.0475
51804 114 -0.0022
42771 175 0.1255
36792 214 0.0064
599 223 0.0124
18395 177 0.0703
41455 386 0.0314
20024 247 0.0623
19148 90 0.1108
528 279 0.0312
48233 33 0.0183
47427 9 -0.0027
5498 79 0.0933
45 298 0.1166
38424 334 0.0196
16813 335 0.1592
45497 328 0.1132
21394 362 0.0575
26852 121 0.1111
48890 77 0.1051
32515 250 0.0456
29324 194 0.1327
22137 338 0.123
22256 355 0.0327
45734 350 7e-04
51372 318 0.0205
72802 145 0.0234
10285 250 -0.0011
7989 293 0.0898
20466 272 0.0687
54331 395 0.013
26988 201 0.0131
21937 208 0.1325
47143 107 0.0597
45027 299 0.0693
50081 344 0.0726
26525 20 0.1019
13298 347 0.0021
6588 360 0.0296
46408 48 0.0311
21741 316 0.0037
11899 253 -0.0119
15487 315 0.0181
11298 154 0.0231
3241 275 0.0936
44367 396 0.0175
23455 154 0.0056
45175 306 -0.0018
41728 80 0.0299
38280 86 0.0606
3685 155 0.1924
21613 308 0.0412
22797 115 0.1128
47952 87 0.1301
39561 91 -0.0075
45469 249 0.1103
10901 161 0.049
54200 387 -0.001
46349 383 0.0243
10162 300 0.0539
43675 364 0.1157
1224 218 0.0759
20708 107 0.0999
35532 73 0.0261
4740 288 -9e-04
19330 47 0.1644
53808 20 0.092
21423 51 0.0172
34827 207 0.0298
30438 369 0.0186
25358 23 0.0306
30854 197 0.0395
4429 17 0.2294
19165 190 0.1938
15721 304 0.0015
45238 340 -0.0064
29171 387 0.0783
46996 221 0.0488
49032 213 0.0057
28804 206 0.0983
11610 361 -0.0014
15323 104 0.0278
9697 384 5e-04
51833 266 0.0055
48919 337 0.0059
14036 236 0.0172
16806 236 0.1565
40407 141 -0.0063
826 390 -0.0079
4981 414 -0.0099
25707 377 0.0091
6233 274 0.162
31672 386 -0.0039
20871 8 0.0357
19617 80 0.2249
51256 180 0.0278
9647 357 0.0775
33736 277 0.0162
38394 110 0.0975
39213 133 0.1245
6051 77 0.0286
48817 52 0.0053
241 132 0.1181
23504 120 0.0601
36944 146 -0.0033
26788 210 0.124
5991 345 0.0115
18790 400 -0.0095
3161 374 0.0585
30590 83 0.0098
47194 223 0.0742
25714 250 0.028
48898 232 0.0128
19898 82 0.1053
4668 308 0.196
42663 280 0.1116
42085 314 -9e-04
12819 180 0.021
27359 166 0.0043
1618 125 0.0787
23881 271 0.0077
6084 238 0.0529
25234 243 0.0652
9962 122 0.0049
3594 313 -3e-04
29028 224 6e-04
11938 27 0.0045
40585 89 0.0816
42898 151 0.3191
50920 92 0.0375
47213 300 0.1281
3730 411 -0.0107
1371 369 -0.0025
23076 85 0.0402
30826 45 0.0436
24187 293 0.0803
24564 286 0.0049
32304 300 0.0178
10685 187 0.0796
12677 353 0.3569
7657 119 0.0174
23873 145 0.0862
10008 319 0.0043
29883 287 0.0905
9330 315 0.0032
48532 283 -0.0018
18617 249 0.2655
38486 255 0.0858
54470 335 0.0177
51063 357 0.0549
39750 272 0.2927
47101 359 -0.0069
44546 327 0
2259 87 0.1148
41912 154 0.0171
50305 45 0.1561
45267 84 -0.0087
1734 206 0.0406
12235 132 0.0444
45776 361 0.0432
20216 246 0.0296
38426 389 -0.0079
28389 97 0.0636
24828 118 0.1459
33908 183 0.0645
34499 13 0.2076
18770 289 0.0206
47318 161 0.0806
13139 9 0.0164
8719 147 0.0581
49996 328 0.0457
54606 135 0.2035
15739 71 0.1076
2244 212 0.0997
2277 386 -0.0078
50045 164 0.0044
34290 247 0.0032
12164 247 0.0275
44758 271 0.2086
