tag tag.pos Fstp
46227 203 0.0088
61574 351 0.0055
142954 327 -0.016
18690 211 0.0201
25968 282 0.0028
170910 38 -0.0121
35411 137 0.0209
5475 89 -0.0062
47922 12 -0.0021
42929 141 -0.0111
62857 240 -0.006
62388 256 -0.0106
14241 159 0.0387
2017 271 -0.0077
27141 281 -3e-04
110492 15 -0.0091
58144 135 9e-04
31335 212 -0.0048
18129 307 -0.0129
45443 102 -0.0083
42623 105 -0.0073
6135 136 -0.016
48681 85 0.0029
27762 85 -0.01
8874 70 -0.0052
47874 210 -0.0126
9530 148 -0.0115
53027 126 -0.0073
44254 216 -0.0084
35410 267 0.0239
9532 165 0.0379
55874 258 0.0495
8685 81 0.0083
42380 311 -0.0212
57246 266 8e-04
63907 71 -0.0038
56499 30 -0.012
12654 122 0.0017
25047 19 0.0016
63006 120 -0.0149
48283 232 0.0314
55359 87 -0.013
9799 29 0.0126
84952 156 -0.0045
61020 62 -0.0262
54271 7 -0.0127
60510 123 -0.0031
34132 179 0.0048
32613 276 -0.013
26929 52 0.025
12660 27 0.0118
49639 143 0.0258
10778 218 -0.0052
14225 319 0.0383
5697 54 -0.0096
61448 12 0.0081
8161 44 0.0138
27137 303 0.0036
9172 39 -0.0164
11002 313 0.0189
58350 32 -0.0026
9431 117 0.0248
33513 62 -0.0041
26684 128 -0.0036
96228 204 -0.008
848 192 -0.0202
22965 260 -0.0189
36196 153 0.0379
28132 50 -0.0057
16631 69 -0.0167
16132 110 0.0075
6054 54 -0.0182
79516 28 -0.025
27990 113 -0.0042
55802 274 0.0029
49381 11 -0.003
33595 166 -0.0179
19930 154 -0.0137
16173 273 0.0288
55933 180 0.006
36208 289 -0.0068
63015 133 -0.0056
40215 292 -0.019
53358 124 -8e-04
35129 12 -0.0137
19700 65 -0.0035
53976 59 -0.0136
55080 306 0.002
38757 168 0.0012
58301 273 -0.023
126805 176 -0.0147
61778 235 1e-04
14750 184 0.0413
64520 20 -0.0166
25190 13 -0.0166
25729 26 0.0169
62148 273 0.0318
44093 191 0.0081
39121 260 -0.0042
53985 68 -0.0156
23702 112 -0.0257
9374 88 -0.0045
3914 283 0.004
55190 288 0.0391
40709 239 2e-04
36707 305 -0.0084
45009 152 -0.0113
29124 214 -0.0051
15873 46 0.0024
87115 114 0.0032
63392 146 0.0055
21149 79 -0.004
18903 304 -0.0222
90121 164 -0.0103
53072 106 -0.0136
53033 207 -0.0166
10495 276 0.0087
34385 168 0.0201
54352 252 0.0071
86055 125 -0.0169
87053 134 -0.0097
99624 185 0.0167
13751 248 -0.0105
30783 134 0.013
50947 82 -0.0341
52580 52 -0.01
14538 209 0.0138
50917 319 -0.0073
59796 84 0.0311
7742 257 0.0072
49689 125 -0.0061
59016 54 0.0087
32872 178 -0.0166
30234 60 -0.0044
142 99 0.0014
58407 267 0.014
59389 124 -0.0151
32388 279 0.0088
22730 164 0.0297
1775 193 -0.0115
47987 283 -0.0104
3477 90 -0.0078
25008 283 0.0121
20745 335 -0.0185
32823 316 0.0168
65116 221 -0.0014
56584 284 0.0203
29242 160 0.0066
1589 244 -0.012
32756 216 0.0428
13769 11 0.01
58942 288 -0.0161
36787 248 0.0155
31241 227 0.0087
59039 327 0.0436
55264 141 -0.0096
21299 225 0.0175
60888 146 0.0113
12630 253 -0.003
44512 185 -0.0012
43105 232 -0.006
48768 203 0.0411
66341 220 -0.0036
2685 208 -0.0111
10137 197 -0.0087
22395 158 0.0206
1943 61 -0.0196
54418 270 -7e-04
63314 155 -0.0083
21300 34 0.0214
27218 15 -0.0043
99896 202 -0.003
26011 285 -0.0103
48760 121 -0.0048
22532 111 0.0133
200 65 0.0078
25415 239 -0.0167
36482 42 -0.0224
49273 14 -0.0116
42247 250 -0.0128
52050 183 -0.0122
2055 263 -0.0104
749 50 0.008
36130 135 -0.0079
11606 259 0.0098
52429 207 0.0019
15497 226 -0.005
47294 205 -0.0082
84945 318 -0.0081
49415 77 0.0076
63077 225 -0.0186
32484 13 0.0416
7877 198 -0.0248
19802 235 0.0144
34523 303 -0.0016
25116 229 0.0219
8164 277 0.0138
137660 29 0.0155
56004 227 0.0137
35155 223 -0.0069
43719 300 0.0232
48934 187 0.0078
13718 133 -0.0125
64052 126 -0.0104
15246 83 5e-04
52119 17 -2e-04
12640 191 -0.0026
62767 74 -0.0076
44704 223 -0.0033
54722 199 -0.006
38724 149 0.001
30933 199 0.0165
30599 184 -0.0086
65065 182 0.0051
16954 221 -0.0113
3316 90 0.017
12164 170 -0.0023
31840 97 -0.014
27425 77 0.0168
83000 257 0.0026
768 96 0.0147
55708 34 -0.0014
43073 152 -0.0025
41756 18 -0.0144
31993 226 0.0168
32631 271 -0.0017
143852 276 -0.0015
36658 205 0.0013
48879 319 0.0099
18689 223 -0.0164
13493 123 -0.006
40439 247 -0.0114
4570 177 0.0469
4036 285 -7e-04
36900 40 -0.0096
6850 84 -0.016
57884 174 -0.0196
71672 35 0.0523
28149 211 -0.0234
13995 54 -0.0077
37917 209 -0.0158
62421 280 0.0096
27720 43 0.0048
53882 221 -0.009
32275 226 -0.0103
60902 215 -0.0168
51578 60 -0.002
14365 154 -0.0136
31422 97 0.0195
11530 30 -0.0163
74955 162 0.0479
46787 271 0.0372
3320 383 -0.0158
34470 227 0.0096
14492 282 0.0346
74835 279 -0.0026
29594 252 -0.0078
1896 288 -0.0045
52155 213 0.0105
44615 10 -0.004
23981 296 -0.0073
15942 163 -0.0142
76059 270 -0.0024
40931 347 -0.0055
39626 110 -0.0066
64195 80 -0.0209
67402 131 -0.0188
43400 177 -0.01
52125 133 0.0073
84211 216 -0.0073
11688 136 -0.0186
62593 39 -8e-04
30887 278 -6e-04
37680 247 0.0248
33582 214 -0.0062
36737 153 0.0278
36190 53 0.0634
4573 75 -0.0143
12009 183 -0.0036
23703 264 0.0111
20010 113 -0.0095
49997 161 0.0294
82200 94 -0.0199
41843 114 -0.0188
58565 122 -0.0049
67464 121 -0.0104
61796 178 0.0178
58270 113 0.0255
23278 295 -0.0147
32999 167 -3e-04
28246 282 0.0297
46167 238 0.0078
59823 209 0.0281
76393 267 0.0315
51727 141 -0.0064
37402 85 0.0059
9105 232 -0.0063
9249 287 0.0205
51686 176 0.0152
73471 26 -0.0098
133987 143 -0.0064
9477 229 -0.0175
51260 43 0.0078
15254 213 0.014
15784 161 -0.0157
69757 47 -0.0158
18194 273 0.0267
44947 15 0.0115
14357 165 0.0077
13243 326 0.0099
35749 56 -0.0177
20179 33 0.0164
59118 158 -0.0039
31442 205 -0.0178
655 216 -0.0072
18179 292 -0.0043
24750 47 0.0132
48993 192 8e-04
47253 22 -0.017
139887 44 -0.0118
46944 264 0.0123
42083 134 -0.0014
209 24 -0.0214
15720 81 0.0185
55223 151 -0.0041
63512 329 0.0082
63157 199 -0.0101
25816 183 0.0334
9990 69 0.002
57069 307 0.021
60553 226 -0.0208
73201 260 -0.0106
54923 220 -0.0148
60041 127 -0.0146
1127 274 0.0146
14060 143 0.0035
4370 207 -0.0142
16065 284 -2e-04
22694 210 -0.0012
668 166 -0.0046
16004 225 -0.0125
10430 11 0.0347
52143 115 -0.0057
49427 266 -0.0054
33171 137 0.0085
31866 126 -0.0158
96895 94 -0.0153
76823 245 -0.0243
65472 146 0.0208
14506 7 -0.0176
39567 217 -2e-04
47827 97 0.0023
13440 256 -0.0167
63276 198 8e-04
21036 375 0.0194
95364 128 0.0341
37036 223 -0.0394
28306 137 -0.0138
47503 89 -0.007
44441 98 -0.002
51678 90 -0.0114
572 160 0.0097
32194 344 -0.0173
27650 257 -0.01
55869 34 -0.0227
36464 175 0.0366
79026 243 0.0125
57826 13 -0.0063
36280 279 0.0125
21704 32 -0.0198
6269 272 -0.0209
39137 113 -0.0036
9729 86 -0.0059
22458 53 -0.0035
53524 367 -0.0148
16539 305 -0.0103
29654 147 -0.0069
65360 233 0.0077
9311 328 -0.002
20751 155 0.0421
21615 190 0.0015
12976 105 0.014
60168 176 0.0096
4686 219 0.008
14297 175 0.0825
32834 63 -0.0177
36019 212 -0.0124
54795 30 -0.0081
13311 30 0.0195
29581 215 0
63973 216 -0.0101
51409 65 -0.0131
54218 207 -0.0155
85339 42 0.0276
7882 282 -0.0111
21219 288 -0.0088
37396 45 -0.0116
46205 9 -0.0193
61980 198 -0.0164
46473 102 0.0012
49039 71 0.0031
21754 106 -0.0049
8449 19 -0.0099
3139 240 -0.0046
28711 283 0.0352
37305 103 0.0132
3719 177 -0.0143
20121 267 -0.0076
62035 41 6e-04
652 101 0.0059
26682 65 -0.0223
54778 49 -0.017
26021 240 6e-04
38338 54 0.0268
2218 171 0.0019
58766 91 0.0051
31539 207 -0.0101
6755 96 -0.0177
59889 279 -0.0138
79136 127 0.0089
49266 45 -0.0051
48735 213 0.0403
46622 232 -0.0157
4495 312 0.0186
55858 10 0.0276
19062 253 -0.0146
14591 198 -0.0038
52425 223 0.0069
10039 218 0.0277
65097 168 -0.0035
63841 39 -0.0217
51017 122 -0.0032
44331 88 0.0097
29762 103 -0.0022
4807 116 -0.0053
14366 266 0.0763
38179 270 0.0216
31224 305 -0.0125
75014 241 -0.0083
33307 176 0.0011
59169 200 -0.004
39617 128 0.0126
28492 91 -0.0033
81699 213 0.0289
20918 321 0.0245
48097 195 -0.0087
87418 318 0.0146
56173 220 -0.0278
80976 196 -0.0011
19619 119 -0.0239
55259 21 -0.0065
13247 74 0.0169
60145 240 -0.0204
51869 65 -0.0077
9771 188 0.0084
26275 63 -0.0256
30884 93 4e-04
39384 27 -0.0078
48405 65 0.0231
63939 204 0.0032
5797 131 0.0593
45013 305 0.0053
24948 213 -0.0062
49843 47 -0.0211
13175 81 -0.0082
64412 295 -0.0143
50356 100 -0.0175
5199 56 -0.0149
60417 229 -0.0187
50693 170 0.0189
63525 22 0.0164
60730 208 -0.0033
62130 219 -0.0142
20492 66 -0.0135
71848 105 -0.013
52538 226 0.0028
25417 46 -0.013
16361 105 0.0127
45547 205 -0.0064
60846 72 -0.0019
13512 41 0.0053
1512 193 -0.0144
61908 131 -0.0077
16905 234 0.0337
36710 59 -0.0112
133595 214 -0.0027
64960 212 -0.0157
44062 291 -0.0063
13789 234 -0.011
15100 195 -0.0085
99412 249 0.0208
664 149 -0.0038
36878 231 0.013
44703 263 0.0083
123205 41 0.0301
53881 86 8e-04
29648 186 -0.0025
55822 76 0.0059
61784 313 -0.0163
53273 264 -8e-04
35383 17 0.0043
6229 119 -0.0044
50230 77 -0.0126
15705 39 0.0107
49786 92 -0.0086
15915 117 -0.0097
13389 222 -0.0181
56306 317 0.0113
63613 279 -0.0257
20768 237 0.0064
33421 155 0.0054
30224 82 -0.011
14049 179 -0.019
28714 129 -0.004
58215 306 -0.0161
7814 158 -0.0188
52014 135 0.003
78829 254 -0.0154
99333 23 -0.0093
27593 172 -0.0174
53052 78 0.0212
10078 186 0.0185
56028 270 -3e-04
24796 42 -0.0125
8242 168 -0.0104
15811 60 9e-04
9114 259 0.0047
52933 213 -0.0177
18035 292 0.0101
49823 33 0.0156
37388 234 0.0033
126224 158 -0.005
52043 144 -0.0059
62903 74 0.0326
65166 117 -0.0146
63479 188 0.001
47392 133 0.0246
63571 18 0.0488
26788 151 -0.0017
87742 76 -0.0018
62990 322 0.0022
50661 102 -0.0122
62182 36 0.0129
109738 157 0.0162
40979 237 0.0122
63606 134 0.0122
36052 159 -6e-04
57278 112 -0.0333
13462 93 0.0168
3654 334 -0.0126
53374 158 -0.0012
43701 101 0.0156
53828 87 -0.0089
58219 166 -0.0106
53790 136 0.0042
7603 307 0.0214
64605 248 1e-04
97065 62 -2e-04
53762 67 -0.0077
62790 227 0.0148
44144 270 0.0136
30883 184 -0.0209
4369 263 -0.0171
57015 147 -0.0145
61322 165 -0.0043
62070 233 0.0125
76739 80 -0.0055
44426 331 -0.0098
27004 278 0.0114
62173 230 0.0378
85163 226 -0.0147
18296 182 -6e-04
15904 205 -2e-04
46158 31 -0.0015
19005 163 1e-04
72337 263 -0.0189
47404 94 -0.0193
12676 244 0.002
56835 72 -0.0023
14243 196 -0.007
13670 208 -0.0142
58187 179 0.0166
28620 259 2e-04
41105 240 0.0978
29409 168 -0.0078
7482 307 0.0058
9022 127 -0.0134
97313 227 -0.0199
58798 39 0.0387
2469 101 0.0206
54515 224 -0.0024
49683 114 -0.0017
77203 62 -0.0055
66046 212 0.0162
30797 122 0
74066 123 -0.0139
14082 164 -8e-04
55949 107 -0.0091
50264 175 0.0139
9254 57 0.0164
17677 219 0.0127
28666 64 0.0896
55486 53 -0.0027
56051 214 -0.008
30777 115 0.0297
20098 160 0.0198
4379 370 0.0033
6009 24 -0.0188
9087 14 -0.0065
12100 68 0.0041
63043 281 1e-04
47917 102 -0.0142
59418 33 -0.004
60662 117 -0.019
19555 259 -0.011
65138 37 -0.0177
21285 358 -0.0048
99280 98 0.0069
25265 288 0.0599
18624 226 -0.0078
1582 74 -0.0113
14904 109 0.0102
19410 106 0.0274
81662 103 -0.0045
62727 298 0.0259
62623 358 -0.007
8241 256 -0.003
31627 53 -0.0144
62677 197 -0.0032
26552 198 -0.0116
31214 231 -0.0151
38074 103 -0.0123
59513 8 0.0214
49236 217 -0.012
57748 39 0.0018
53797 241 0.019
25821 184 0.007
23635 364 0.019
3631 147 0.0217
21256 70 -0.0277
30275 79 -0.0131
65256 170 -0.0224
64519 40 0.0118
11069 198 0.0023
55104 92 0.0214
42802 160 0.0037
18940 187 -0.0114
29191 285 -0.0158
37422 40 -0.0015
67745 70 -0.004
44748 238 -0.0214
36236 61 -0.0086
34867 272 -0.0156
46183 209 0.0123
135286 155 0.0057
56373 175 -0.0031
55714 197 -0.0158
10868 16 -0.0099
75327 146 0.0065
53328 92 0.0129
48646 151 -2e-04
17772 40 -0.0014
53982 241 0.0117
87446 152 -1e-04
54826 42 0.0044
7812 100 -0.0278
17293 220 -0.015
21534 277 0.011
14567 233 -0.0064
50401 222 -0.015
54889 48 -1e-04
12350 198 -0.0161
5746 199 -0.012
16053 247 -0.0135
38776 149 0.0046
36176 103 -0.0022
62774 246 0.0061
31060 155 0.0221
54407 103 -0.0212
814 230 0.0425
63830 181 -0.0077
25675 263 6e-04
23588 94 -0.0109
25285 243 -0.013
15665 61 -0.019
32860 183 -0.0172
132114 301 0.0206
13465 260 -0.0015
48849 143 0.0505
59460 237 -0.0015
91266 238 -0.0199
46785 188 0.059
58518 110 0.0496
28332 77 -0.0062
4099 223 -0.0112
32633 123 0.0088
82108 78 0.0141
19352 269 -0.0068
51317 166 0.0103
31185 237 -0.0158
79412 300 0.0083
14149 251 0.0088
4199 114 -0.0059
13935 283 0.0045
7201 330 0.0478
61820 8 -0.0068
14755 223 0.0067
35286 117 -0.0267
8477 53 -0.0051
52574 29 0.0059
52387 151 -0.0057
33464 315 -0.0089
14000 153 0.018
32885 197 0.0011
16883 364 0.0046
25636 125 0.0031
30079 352 0.0232
24088 169 0.0335
65291 304 0.0767
161773 251 -0.0041
47513 123 -0.0128
41880 168 -0.0149
13844 159 -0.02
49318 252 -0.0092
12278 356 2e-04
61279 109 0.0095
9053 30 -0.006
45492 265 0.0016
27629 76 0.0095
23130 47 0.0157
46902 54 -0.0145
90115 158 -0.0028
60511 105 0.0258
4241 223 -0.0097
63318 27 -0.0107
50888 214 -0.0075
27620 192 0.0103
21491 182 -0.0174
47133 72 0.0289
48151 216 0.0332
49425 150 0.0271
36064 122 0.0285
53760 132 -0.0017
54861 240 -0.0125
32993 143 0.0767
41056 73 0.0097
5505 191 0.0018
7178 254 -0.0076
34690 48 0.0027
48573 204 -0.0093
51996 284 -0.0134
26848 20 -0.0081
75772 129 -0.0106
4873 106 -0.0155
59763 34 -0.0126
33585 302 -0.0182
27586 193 -0.0048
52239 143 0.037
55493 110 0.0066
38759 165 -0.0055
32392 58 -8e-04
66285 156 0.0186
58854 146 0.0019
16645 282 -0.011
52504 279 0.0039
47729 275 -0.0099
58513 141 -0.0015
61930 193 -0.006
23443 240 0.0023
38358 72 -0.0166
24908 76 -0.0169
38057 114 -0.0127
39147 288 -0.0113
30240 128 -0.013
53972 64 -0.0111
14790 62 0.0056
10518 80 -0.0186
27470 104 -3e-04
85812 302 6e-04
38119 276 0.0168
59474 271 -0.0086
44180 280 -7e-04
41469 272 -0.0056
52035 237 0.0375
58907 110 -0.0188
64093 236 -0.0068
31729 17 0.0166
4644 202 -0.0045
8746 280 -0.0033
13354 11 -0.0022
98333 98 0.0119
57450 126 -0.0194
20980 72 0.0152
35340 161 -0.0069
57914 208 -0.0083
45290 275 0.0109
31100 227 -0.0155
50749 293 -0.0134
4502 284 -0.0095
47129 43 -0.0159
30592 65 -0.0108
95412 274 -0.0121
37214 160 -0.0222
59779 71 -0.0096
51734 52 0.0077
6506 299 -0.0165
37006 114 8e-04
9385 258 -0.0169
12768 111 0.0386
1659 194 0.0349
17003 231 -0.0201
5052 153 -5e-04
40527 152 0.0066
37380 92 -0.0158
61586 137 -0.003
64369 115 -0.0092
44156 192 0.0018
22362 265 -0.0054
28339 81 -0.0026
53055 89 0.0694
10730 266 0.0063
20883 212 0.008
24399 262 0.0014
50031 299 0.0234
20184 172 0.0097
64513 62 0.0196
678 41 -0.0078
75765 281 9e-04
57682 285 0.0057
46577 264 -0.003
55187 294 0.0159
12336 110 -0.017
51217 204 -0.0079
35271 231 -0.0051
49667 62 0.0595
73760 112 0.0086
11962 182 -0.0162
12419 304 0.001
21476 290 -0.0137
31875 68 0.0034
48335 58 -0.0019
49366 68 0.036
50110 263 -0.0266
51936 129 0.0574
96238 255 -0.0147
53360 117 -0.0094
36677 234 -0.0189
29934 127 0.0148
59327 155 -0.008
37444 45 -0.0017
60980 181 0.0119
27912 321 -0.0112
40233 34 -0.0086
31268 241 -0.01
34363 46 -0.0118
63116 37 0.0106
57807 60 -0.0099
25782 86 0.02
57175 101 -0.005
24391 316 0.0238
27310 77 0.0248
8690 279 0.0258
10835 280 -0.0034
39404 77 -0.0213
20377 141 -0.0167
31506 150 -0.0024
23401 283 0
3169 212 0.0099
61594 63 -0.0092
27793 131 -0.0097
47499 100 -0.013
50358 34 0.0033
6475 250 0.0061
40073 57 0.0104
30772 279 -0.0049
12152 127 -0.0037
13471 151 0.0061
54120 263 0.002
39206 246 -0.0184
53267 8 -0.0015
28673 67 -0.0145
59817 152 -0.0156
60453 190 -0.002
43356 203 -0.0078
58165 52 -0.0125
15439 76 -0.0121
31175 313 0.0139
50196 279 -0.0091
35166 297 0.0375
25045 201 -0.0183
47923 194 0.0026
84561 73 -0.0258
12228 171 0.0192
62146 235 0.0086
40848 293 -0.0228
38024 63 -0.0077
32984 264 -0.0131
548 222 -0.0258
28069 40 -0.0015
46753 268 0.0411
57810 268 -1e-04
75352 25 0.0095
18953 279 -0.0208
58886 74 0.01
59421 17 0.004
48170 81 0.0019
32222 294 0
42456 242 0.0017
27567 333 0.0183
5910 82 0.0299
21609 286 0.0033
50217 153 0.0051
1910 152 -0.0063
61317 258 -0.0061
51969 31 0.0125
52688 200 -0.0124
44561 234 -0.0264
51127 238 -0.0066
31027 54 0.027
14854 134 0.0014
50599 179 0.01
81138 88 0.0091
190 264 -0.0126
57304 220 -0.0108
18934 254 0.0059
22801 268 -0.012
2733 127 -0.0146
63110 172 0.0033
13868 13 0.0403
7811 223 0.0093
98195 136 0.0047
38050 258 0.0031
9044 67 -0.0196
13642 299 0.0145
43828 55 -0.0106
19389 181 0.0105
57303 126 -0.0167
47171 222 0.0046
22646 96 0.0163
70786 116 0.0036
11801 66 -0.02
43090 325 -0.0073
35118 188 0.0211
37344 280 0.0284
30456 145 -0.0157
76078 293 0.0069
47663 31 0.018
2842 18 0.0228
7011 21 -0.0176
407 167 0.0281
31883 137 0.0084
36504 239 -0.0029
40091 225 -0.0053
36246 105 -0.0189
24985 96 -0.0193
777 93 0.0176
44888 292 -1e-04
26621 222 -0.0075
39635 38 0.0026
2193 142 -0.0097
25344 231 -0.0211
9185 263 0.0026
7444 69 -0.0196
52541 76 0.0315
52166 260 0.0223
32146 216 -0.0219
35476 257 -0.0166
62322 46 -0.0144
31598 132 -0.0148
51368 9 0.0065
60373 324 -0.0013
4338 217 0.0148
64424 323 0.0024
53124 247 0.004
34666 64 0.0064
22027 103 0.1253
31059 268 -0.0082
32323 64 -0.0037
204608 357 -0.0162
62270 82 -0.0018
8267 153 -0.0176
5314 168 -0.0081
19303 252 -0.0047
43335 131 0.0057
39250 277 -0.0132
56753 175 -0.0162
4285 132 0.0138
16709 55 0.0068
20052 169 -0.012
31424 169 0.0031
7302 35 -0.0042
18128 256 0.0199
7923 153 -0.0018
20072 135 0.0049
53809 169 -0.0135
40373 53 -0.0204
61856 69 0.006
41205 103 -0.0144
7232 88 0.0032
20606 123 -0.0064
55240 218 0.0246
36060 165 -0.0118
17800 120 -0.0064
50487 215 0.0063
57687 216 -0.014
52449 330 -0.0022
10743 77 -0.0161
13937 212 -0.0093
2162 192 0.0078
53145 226 -0.0113
37241 117 -0.0106
22288 260 -0.0075
41858 167 -0.0075
62252 291 -0.0052
79180 29 -0.0189
52654 343 0
17578 66 -0.0129
62921 341 -0.0053
42915 298 -0.0128
56057 144 0.0013
46863 80 -0.0053
27641 302 -0.015
105525 125 0.0039
14334 291 -0.026
52570 172 -0.0137
19656 136 -0.0073
51141 21 -0.0163
29141 44 0.0076
11676 237 -0.006
95842 26 0.0269
59883 291 3e-04
16586 161 0.0038
47161 74 0.0028
54143 149 -0.0053
38784 145 -0.0159
30256 85 -0.0242
20779 152 -0.0037
12645 26 -0.0136
32488 17 -0.0137
40311 102 -0.0208
57801 205 -0.0048
34694 162 -0.0175
20793 238 0.0098
9325 236 0.0058
37693 70 0.0051
21858 20 -0.0023
47429 204 -0.0189
10258 213 -3e-04
54605 167 -0.0113
52033 211 0.0255
53149 292 -0.0143
11526 162 0.002
146355 116 -0.0135
13735 167 -0.0128
142895 294 -0.0146
52650 119 0.0103
27981 335 -0.0162
40659 216 -0.0211
36227 19 0.0124
26652 95 0.0326
31032 322 -0.0154
61797 61 0.0066
34048 54 0.0232
11010 35 -0.0064
59101 222 -0.0125
45216 276 -0.002
53978 207 0.0057
27341 199 0.0246
30253 35 -0.0128
185 111 -0.0134
37650 288 -0.0115
41330 102 -0.0074
41860 192 0.0276
45895 82 -0.0089
54256 7 0.0331
25203 131 -0.0093
36417 78 0.0035
412 348 -0.0045
352 355 0.0255
32947 117 0.0092
63214 92 0.0185
13025 306 -0.0065
32820 287 0.0399
6362 159 0.0188
10520 277 0.0258
12856 207 0.0143
6966 121 -0.0022
227 218 -0.0059
18200 178 0.0127
56220 77 0.001
21947 85 0.003
11601 200 0.0089
37539 33 -0.0214
33994 153 0.0093
77154 53 0.0033
35207 110 -0.0146
25512 255 -0.0109
63371 116 -0.0147
23650 133 0.0317
12074 293 -0.0141
51072 281 0.0468
33072 287 0.015
14181 238 -0.0036
38490 98 -0.0061
23659 260 -0.0126
22516 59 0.0088
960 352 -0.0028
58617 330 0.0445
49003 344 0.0138
38940 22 0.0039
25293 156 -0.0237
32296 175 0.028
1096 57 -0.0126
3162 194 -0.0146
3866 232 0.012
1365 20 0.0127
354 213 0.0566
64430 8 0.0046
7380 147 -0.0116
55715 172 -0.0245
62061 41 -0.0129
26216 166 -0.0199
38845 48 0.0163
41456 43 -0.0207
33573 179 0.0017
63681 109 0.0119
48741 103 -0.0057
24636 289 -0.0067
45123 112 0.0279
32736 133 0.0024
66680 315 0.0141
48777 191 -9e-04
14849 173 0.0089
51995 17 0.0272
69063 14 0.0029
95814 200 -0.0223
46123 122 0.0147
34495 335 0.0305
89474 179 0.0078
81060 52 -0.0154
75705 143 -0.0195
91964 136 -0.0234
50929 338 -0.0073
3702 84 -0.0075
14285 137 -0.0111
205848 335 -0.0139
34287 244 -0.0189
10211 187 0.0142
29495 277 -2e-04
63273 236 -0.0106
15280 38 0.0192
141333 359 -0.0062
5151 316 0.0025
10721 93 -0.0083
44830 230 -0.0232
10610 104 -0.0149
38907 234 2e-04
1058 293 -0.0095
51364 11 0.0098
20692 199 -8e-04
86708 122 0.0081
21783 261 -0.0113
48871 162 0.0134
27213 84 0.0015
72779 56 0.0454
1927 161 0.0042
16263 21 0.0051
60913 303 0.1102
26171 38 -0.0064
36066 161 0.0369
95204 133 0.0446
52877 118 -0.0289
32065 44 -0.0128
36865 288 -0.0203
60047 248 -0.0064
51629 42 0.1158
50250 226 -0.0177
5853 309 0.0554
22854 118 -0.0021
62539 267 -0.0177
121901 271 0.0566
28122 216 -0.0042
44263 255 -0.0138
64788 131 0.0072
50474 133 0.0576
54883 143 -0.0155
84911 15 0.045
29980 64 0.0795
15195 115 0.0373
35839 163 0.0187
28851 176 0.01
44151 253 -0.023
815 70 0.0065
57282 184 0.0047
2641 201 0.0093
44405 132 -0.0236
39687 276 0.0859
38648 270 0.0032
41503 236 0.1189
22693 96 0.0205
63145 10 0.0586
50614 288 -0.0095
35723 142 -0.0188
31682 263 0.027
55280 235 0.1197
58732 222 0.0982
31289 7 -0.005
35695 217 0.0054
2482 102 0.0241
27757 41 0.0065
32698 301 -0.0176
15429 52 -0.0012
6971 331 0.127
48964 130 0.0562
19920 194 0.0072
55315 128 0.1001
5008 62 0.0064
38606 237 0.0297
27935 22 0.0182
20829 104 0.1057
39653 67 -0.0103
68629 156 0.0248
75935 256 -0.0034
7113 56 0.0268
46680 62 -0.0073
17683 201 -0.0084
3578 210 0.0053
10856 85 0.0045
6043 50 -3e-04
23047 243 0.0188
1199 179 -0.0094
52990 281 0.0211
1897 239 0.0211
17734 21 0.0061
30805 72 0.0743
56627 102 0.0275
111 193 -0.0146
59032 290 0.1053
47905 345 0.0859
3321 224 0.0504
43469 179 -0.0028
7198 181 -0.0188
38748 269 0.0128
20421 64 -0.0185
12591 238 0.0192
99489 135 0.0069
22598 30 -0.0172
8888 77 0.0107
37454 239 -0.0101
34422 270 0.0113
30692 258 -0.0018
60459 198 0.0156
65923 195 0.0115
41119 192 0.0101
22794 275 0.0381
36934 230 0.0033
52992 218 -0.0082
16861 72 0.0098
40222 17 0.0011
53229 246 -0.0137
39203 55 0.0296
15328 224 -0.0199
15815 162 0.107
54115 71 -0.0126
50043 329 -0.0106
22078 108 -0.0179
59246 32 -0.0085
35969 109 -0.0131
21259 177 0.0101
2234 146 0.0774
24803 171 -0.0024
57109 126 -0.0013
34811 94 0.0459
34754 253 0.0334
52986 118 0.0341
61300 238 0.006
29548 327 0.0256
58315 225 -0.0128
40863 35 0.0109
46599 188 0.0398
48682 54 0.0026
28832 207 0.0267
10913 201 0.0084
700 246 0.0104
36241 188 0.0708
58284 227 0.0087
17178 239 0.0309
95469 251 0.0417
12994 11 0.0645
60739 187 -0.0203
59913 36 0.105
39996 243 0.0713
53706 334 -0.0126
51411 268 -0.005
49137 309 -0.0021
82839 77 -0.0037
24673 325 -0.0027
24833 247 -0.0246
31642 90 0.0151
6482 169 -0.0041
37505 149 0.034
32985 42 -0.0124
31534 119 0.0025
37451 42 -0.0094
51002 277 0.0344
26591 150 0.0024
48566 107 0.0355
10897 234 0.0318
88578 275 0.0189
45072 279 0.024
53169 247 0.0034
34095 98 -0.0028
32514 278 0.0095
43248 289 -0.0162
63156 255 -0.008
9674 50 0.0033
49811 8 0.0046
38616 143 -0.0057
137939 278 -0.0102
47369 50 -0.0023
55376 182 0.0024
62260 297 -0.0086
40613 288 0.0055
51741 107 -0.0036
33980 107 -0.0037
60138 168 0.0048
8448 269 -0.0061
5956 242 0.0336
77211 43 0.0282
30067 97 0.0046
60580 263 -0.0161
58365 35 0.0227
1109 85 -0.0088
61050 171 0.0096
1220 224 -0.0021
34978 210 -0.0053
21082 226 0.0108
55170 276 0.0075
32031 208 0.0144
49071 290 -0.0055
30934 87 -0.0147
132069 43 0.0054
20827 99 -0.01
8105 245 0.0127
5170 125 -0.0137
12076 194 0.0408
34439 56 0.0321
5849 35 -0.0099
10711 124 0.0079
14310 308 -0.0167
15702 168 -0.0225
34124 168 -0.0214
11685 124 -0.0165
29715 170 -0.0129
68281 37 0.0175
17696 246 0.0314
54789 78 -0.0053
1778 155 -0.0189
99353 255 0.007
52516 234 -0.0131
21059 133 -0.0134
36403 237 0.0163
59062 68 -0.0055
32072 46 -0.0049
2708 235 -0.0118
10120 316 -0.0094
13586 194 -0.0127
8393 175 -0.0057
48305 61 -0.0035
24533 103 -0.0021
53187 228 -0.0056
28017 203 -0.013
6896 294 -0.009
3243 299 0.0614
13161 239 0.0056
63151 247 -0.0228
58495 356 0.0047
77976 231 -0.0108
38560 31 -0.0013
62224 202 0.014
13080 183 -0.0227
36143 318 -0.0103
11485 54 -0.0065
30955 221 0.0142
42781 193 0.0301
33454 17 -0.0092
20581 122 -0.0093
58714 71 -0.0134
29828 131 0.0194
99578 300 -0.0128
32968 109 -0.0175
11457 64 0.0111
45794 316 0.0149
43319 290 -0.0065
52223 193 -0.0188
22641 199 -0.0162
26242 300 -0.0386
23865 272 -0.0157
51279 92 0
182 189 -0.0128
55929 121 0.0253
44701 130 0.0055
23603 233 -0.0096
49836 190 0.0074
12250 270 0.0111
23073 358 -0.0131
51223 306 -0.0077
31290 48 -0.0106
23948 278 0.0023
48096 307 0.0012
28748 37 0.0035
16734 220 0.0043
94196 267 -0.012
840 13 -0.0052
6193 82 0.0319
24269 267 -0.0164
62451 156 -0.0147
76041 300 -0.0023
57958 97 0.0058
57330 135 -0.0145
8430 345 -0.0024
9588 101 -0.0131
62511 76 -0.0153
25970 227 0.0197
1609 187 0.0452
20356 315 0.0072
90040 180 0.0017
43153 114 0.0276
60345 108 -0.018
37912 127 -0.0179
36059 56 0.0076
51990 86 -0.0196
50750 25 -0.0063
24196 121 -0.0235
17402 222 0.034
58511 274 0.0051
16109 35 -0.0052
12539 281 -7e-04
16323 313 0.0096
21492 199 -0.0225
52235 87 -0.021
81712 75 -0.0091
54579 175 0.0466
29352 215 0.0058
94652 184 -0.0064
1185 307 0.003
40179 94 -0.0119
24778 181 0.0076
24567 278 0.0275
104705 178 -0.007
62392 114 5e-04
79174 209 -0.0077
23146 147 -0.0211
6742 303 0.0104
109581 202 -0.0085
61963 45 0.0035
14471 91 0.0191
19706 260 -0.0074
52518 16 0.0569
30623 312 0.0123
9666 156 0.0218
54111 266 0.0092
36550 104 -0.0119
56987 178 0.058
85255 142 -0.0088
11775 242 0.0257
61700 225 -0.0173
91860 109 -0.0037
62613 49 -0.0024
52151 240 -0.0026
25649 80 0.0172
13717 257 -0.0074
37587 69 0.0084
14640 155 -0.0054
20066 161 -0.0017
61419 168 -0.0172
34303 48 -0.0076
57924 33 0.0024
20282 208 -0.0057
17096 247 0.0143
53740 232 -0.0099
58433 82 0.0015
59683 59 0.0178
52460 167 -0.0025
58739 121 0.0062
51183 298 0.0167
26590 163 -0.0157
24 64 -0.0169
23385 129 -0.0199
44655 134 -0.0161
46988 248 -0.0039
2286 87 0.0286
56292 218 0.0022
84763 148 -0.0036
44181 180 0.0275
47241 204 -0.037
68101 361 -0.0152
55414 177 -0.0091
40857 121 -0.017
19436 106 -0.0135
35177 206 0.0356
35951 18 0.005
1161 206 -0.0152
51064 273 -0.0049
12901 133 0.0297
60622 304 -0.0131
43455 268 -0.0053
62668 57 0.0037
18709 146 0.0582
35766 21 -0.0134
693 278 -0.0023
27595 288 -0.0174
10110 205 -0.007
31119 260 -0.0176
9734 191 0.0437
25985 110 -0.0079
20238 84 0.0023
52373 57 0.0013
57708 94 0.0179
60023 27 -0.0053
10877 205 -0.0036
58303 256 0.0875
29136 89 -0.0143
24752 301 -0.004
40644 128 0.0053
54862 269 -0.0129
20143 233 -0.0035
46339 119 -0.0076
38986 148 -0.0147
47865 243 0.0234
35996 328 0.0103
65104 303 -0.0104
179 215 0.0183
65034 220 -0.0032
70835 82 0.0226
32344 281 0.0088
79034 160 -0.0085
52587 177 0.0021
25785 115 -0.0157
45417 121 -0.0133
58743 185 -0.0052
14339 136 -0.0035
62455 272 6e-04
49610 13 -0.0246
50907 102 0.0878
99258 70 -0.0105
46422 176 -0.0053
54460 157 0.0264
43480 125 0.0539
40696 194 0.0203
20884 184 0.0226
54098 116 0.0046
62780 118 0.0416
40131 26 0.0343
52149 247 -0.0099
32490 10 -0.0078
14625 299 3e-04
12928 51 -9e-04
21845 17 -0.0176
35167 118 -0.0188
28225 187 -0.0098
54766 167 -0.0129
15773 170 0.0014
32073 130 0.0138
7096 341 0.0135
50871 53 -0.0105
56453 295 -0.0016
30132 308 -0.0138
7836 241 -0.0099
9725 146 -0.0134
26069 102 0.0296
14332 239 -0.0072
21257 71 -0.0015
59263 149 -0.0129
10405 251 0.0084
2989 243 0.0013
37822 301 -0.0088
51126 194 -0.0195
8809 219 -0.0134
7692 118 -0.0032
49289 163 -0.004
58978 221 0.0021
5129 41 0.0055
98263 314 0.0028
148664 10 -0.0031
4670 244 -0.0135
27707 207 0.0112
47811 66 -0.0114
32178 195 -0.0119
49069 229 -0.0042
6112 61 0.0094
57999 54 0.0103
9017 174 0.041
1507 213 -0.0126
59348 245 0.0076
20778 14 -0.0069
37727 103 -0.0288
65685 258 -0.0161
75074 96 -0.0232
53913 221 0.0034
41547 187 -0.0075
59649 49 0.0078
41827 245 -0.0203
14887 197 -8e-04
29271 103 0.0189
47456 208 0.0094
46965 78 -0.0187
46358 288 0.0063
56204 69 -0.0193
47207 63 -0.007
81895 10 0.0107
97352 129 0.0369
8624 40 0.0034
45044 198 -0.0146
24375 198 0.0059
23680 200 -0.0069
59354 104 0.0894
41754 97 0.0328
53189 198 -0.0181
85531 86 -0.002
41360 213 0.0478
63642 297 0.0125
20921 205 -0.0121
55447 60 -0.0034
39926 254 -0.0104
35416 230 -9e-04
53898 122 -2e-04
27529 11 0.0042
27301 229 -0.0152
8589 177 -0.0165
39725 316 -0.0155
57078 22 0.0046
50584 186 0.0249
57610 182 0.0254
30961 136 0.0046
56126 201 0.0238
90297 159 -0.0097
24576 131 0.0413
22280 160 -0.0178
12430 148 -0.004
25184 204 -0.0101
47695 20 -0.0139
5749 194 0.0036
53176 88 -0.0023
37630 141 -0.0066
52605 224 -0.0102
58638 51 -0.0011
51707 184 0.0086
78201 20 0.0159
41762 75 -0.0153
59235 95 -2e-04
11986 175 0.0038
12672 143 -0.0052
32327 137 -0.003
77693 273 0.0046
28251 203 -0.0067
25845 224 0.019
58866 307 -0.0077
12788 354 -0.0029
15205 120 -0.0025
48782 215 -0.0152
28294 20 -0.0157
21775 333 -0.0066
35051 324 -0.0121
60268 135 -0.0108
48301 182 -3e-04
28140 104 0.0251
46057 193 0.0167
42008 211 0.0022
2751 298 0.0133
31952 238 0.0153
37729 96 -9e-04
63542 329 0.022
25704 112 0.0066
27824 208 -0.015
43348 86 -0.0095
8882 119 0.0458
47297 64 0.0014
47733 172 -0.002
75394 336 0.0411
37032 355 -0.0163
83326 300 0.0015
21239 200 0.008
44092 290 -0.0202
47706 260 -0.0083
45467 279 -0.013
20726 262 0.0025
95524 120 -0.0157
1541 105 0.002
58437 36 -0.0163
40154 239 0.0224
19862 174 -0.0203
39012 265 -0.0051
15756 253 -0.0149
34371 247 0.0197
98387 163 -0.0063
22172 193 -0.0099
45324 257 -0.0152
388 293 0.0102
8660 26 0.01
51822 107 0.0044
93994 253 0.003
9624 136 0.006
9492 240 -0.0216
1795 133 -0.0088
51425 273 -0.0019
14019 256 0.0356
57007 233 0.0123
23514 336 0.0304
50938 294 0.0016
2802 287 0.0232
40369 31 -0.004
96368 19 0.0265
14230 197 -0.0069
27112 248 0.0018
48628 208 -0.015
11128 11 -0.0103
43552 279 0.0218
10088 97 0.0026
44184 260 0.0122
14104 309 -0.0146
71397 13 0.0052
32137 11 0.0303
33922 156 0.0229
18301 270 -0.0112
36273 88 -0.0036
56585 184 -0.0013
52468 107 0.0594
28367 69 -0.0105
49832 17 -0.0059
10343 27 -0.0115
52210 285 0.0047
66312 41 -0.0108
15398 120 0.0048
32302 76 -0.0222
54215 185 -0.0082
96741 43 -0.0229
63185 96 -9e-04
39865 238 -0.0177
44666 227 0.0058
48580 236 0.0143
39889 27 -0.0181
58574 76 0.0466
37420 115 0.0091
58632 51 -0.0074
47840 118 0.0233
56130 159 -0.0028
54101 233 0.0167
12353 75 -0.0142
38405 152 -0.0142
60013 106 0.0024
52029 297 0.0377
46795 128 0.0299
53163 334 0.0109
34013 78 0.0693
21944 115 0.0037
42253 172 -0.0261
47933 113 -0.0031
60414 79 0.0212
36135 274 -0.0124
10340 200 -0.007
60660 101 -0.0129
8628 61 -0.0029
83262 288 -0.0071
26194 219 -0.0131
20752 67 0.0011
15714 245 -0.0253
35845 74 -0.0198
108537 75 -0.0074
36302 249 0.0017
48338 158 -0.0233
25935 182 0.0509
20571 220 0.0039
12794 39 -0.0242
48280 186 0.0143
27732 87 -0.024
7385 270 -0.0122
32408 187 0.0402
31169 102 -0.0061
8634 39 0.0154
96354 127 -0.0104
61444 47 0.011
22148 58 -0.0098
13793 75 0.0243
34389 279 0.0255
34870 220 -6e-04
554 73 -0.0071
33946 98 -0.0203
56709 13 -0.0198
58919 53 0.0114
273 129 -0.0164
14515 333 -0.0074
640 192 0.001
63909 44 -0.0013
24887 191 -0.0099
50446 288 -0.0143
28214 236 -0.0088
13378 219 -0.0084
45176 271 -0.0121
35537 321 -0.0169
22810 258 0.064
28248 57 -0.0029
49117 127 0.0133
52565 74 0.0432
32852 160 0.0939
39381 60 1e-04
166846 68 -4e-04
46921 84 0.0102
17265 14 -0.0057
37478 152 0.0076
12626 111 0.0204
45163 114 0.0155
13258 300 -0.0087
35710 16 -0.007
77092 74 -0.0123
36969 270 0.001
45065 208 -0.0242
1488 224 0.0851
60128 213 0.0071
38274 66 0.013
64540 264 -0.0091
66862 294 -6e-04
45903 294 -0.0085
58643 171 -0.0116
62374 115 5e-04
60184 132 -0.009
12715 23 -0.0076
48661 199 0.0162
78817 116 0.0159
27029 299 -0.0067
17821 150 0.0026
37035 145 0.0311
11561 277 -0.0051
52882 201 0.0287
47524 275 -0.0054
18938 175 0.0099
43473 371 -0.0026
29392 85 -0.017
1225 79 -0.0167
11491 95 -0.0157
27304 12 -0.0142
59662 12 -0.0058
54619 218 0.0096
16151 117 0.0179
7101 198 -0.0196
58550 10 -0.0116
51955 273 0.0023
62574 36 -0.0075
59663 308 0.0038
63474 128 -0.0175
22346 150 -0.0134
62945 81 -0.0124
447 200 0.0025
52512 69 0.0292
13504 93 -2e-04
2390 80 0.0074
37196 193 0.0391
55585 15 -0.0034
36688 112 -0.0155
35173 30 0.0201
37157 20 -0.0103
15401 259 -0.007
37768 230 -0.0079
63304 122 -0.0132
6306 241 0.0075
37070 104 -2e-04
34751 276 -0.0323
19624 203 -0.0034
76320 93 -0.0026
62041 272 -0.0134
28685 250 -0.0239
20616 253 -0.0024
50582 241 -0.0083
52168 237 -0.005
76637 170 -0.0157
74584 128 -0.0172
58896 172 -0.0017
54786 348 0.0251
47053 204 0.0047
27724 241 -0.0048
25504 226 0.0174
86989 303 -0.0069
64465 92 -0.0162
19482 41 0.011
33324 144 0.015
25230 142 -0.0035
44415 121 0.0957
59317 257 -0.0189
43286 311 0.0229
180610 64 0.0101
21320 32 -0.0053
62180 247 -0.0086
13390 307 -0.0164
28686 34 -0.0118
7292 241 -0.0123
14025 335 0.0012
68426 119 0.0217
2388 261 -0.0175
27716 253 -0.0021
30441 175 0.0457
61506 242 -0.0042
55554 94 0.0114
58499 214 0.0323
27676 274 -7e-04
11831 75 0.0123
47075 289 -0.0136
63550 185 0.0254
47755 253 0.0152
34191 110 0.011
63102 267 -0.0151
40319 236 0.0259
51319 122 -0.0099
14067 353 0.0097
9438 264 0.0014
17308 336 0.0013
82179 151 0.0051
61525 215 0.0219
76507 282 0.0351
38991 40 -0.005
18077 93 0.0185
54494 34 0.0036
72847 106 -0.0024
196 213 -0.0077
22255 231 -0.0063
59090 185 -0.0191
98683 83 -0.0171
60556 220 -0.0083
42425 30 -0.0122
85800 89 0.0383
8610 36 -0.0125
27910 247 -0.014
5280 273 -0.0176
58418 120 0.003
20891 184 -0.0104
33081 259 0.0114
21510 211 -0.0095
24869 17 0.006
36277 312 -0.0026
50001 263 9e-04
12959 189 -0.0064
35056 276 0.0132
8991 264 -0.0043
61336 294 -0.0167
15027 12 -0.008
58058 153 -0.0044
59143 91 0.0364
8960 203 -0.013
35147 81 0.0169
16341 179 0.0323
99699 36 -0.0172
85391 99 -0.006
20973 117 0.0055
21351 35 -0.0057
28502 267 -0.0161
88257 132 0.0034
8114 223 0.0061
36511 289 0.0299
49676 70 0.0184
63039 198 -0.0122
57876 81 0.0167
59760 195 0.0103
37532 271 -0.0041
68877 134 -0.0162
36553 43 -0.0092
28875 8 -0.0049
45818 278 0.0014
45218 122 -0.0031
10246 176 0.0099
38380 233 -0.0045
48851 174 0.003
33810 308 -0.0039
46948 187 0.0025
23355 157 0.0249
74079 150 -0.0046
13076 26 -0.0037
36476 63 0.0053
36035 216 -0.0085
26290 286 -0.0106
9898 117 0.0221
28900 255 0.0056
41443 196 -0.002
17947 82 0.0018
3989 192 0.0099
16704 40 0.0805
52258 219 -0.0074
43432 236 0.0022
2304 38 -0.0029
40331 285 0.0428
73511 49 -0.008
1354 241 -0.0158
42472 188 0.0035
99851 146 -0.0061
52947 236 -0.0046
28170 70 -3e-04
17656 130 0.0052
18096 36 -0.0174
56198 66 0.0167
45328 236 0.0056
20806 330 -0.0099
31583 19 -0.0158
61711 122 -0.0157
55128 234 -0.0113
40018 36 0.0035
54792 56 0.0508
60659 238 -0.0159
6230 377 0.0107
36545 329 -0.0146
128103 88 0.0169
48819 34 -0.0028
6660 41 -0.0184
13958 194 -0.0129
52738 150 -0.001
82046 78 0.004
24342 43 -0.0155
8877 149 -0.0128
78733 176 -0.003
36664 202 0.0033
971 45 -0.0183
56588 203 0.0328
14336 71 -0.0224
22432 299 -0.0262
62618 68 0.0358
45562 30 -0.0153
58476 106 -0.0172
21400 240 0.0108
39309 309 -0.0124
9264 292 -0.0104
19286 132 0.0119
27448 102 -0.0018
44186 222 -0.0107
117317 200 0.0214
14135 87 0.0271
54863 177 -0.0177
35595 169 0.0396
81186 13 0.0102
44193 22 0.0209
6916 15 -0.0131
27192 185 0.0522
53329 84 -0.0117
65542 184 -0.026
11073 75 -0.0088
13985 221 -0.0251
15363 33 0.0035
36250 273 0.0012
22274 12 0.0014
9304 153 -0.0115
48387 173 -0.0063
51826 127 -0.0085
65302 54 -0.0022
35642 92 -0.0125
99402 72 -0.001
1720 79 0.0027
47665 167 0.0187
24784 273 0.0061
10527 209 0.0357
37599 229 0.0179
48242 249 -0.0023
43792 27 -0.0199
45066 329 -0.0132
95574 244 0.0084
3226 89 -0.0017
58916 87 -0.0032
7063 71 0.0169
32529 87 0.0129
23598 115 0.0057
23276 123 -0.0193
11956 207 -0.0101
47593 132 0.0048
14638 97 0.0021
33463 259 0.0371
30908 167 -0.0111
86855 128 -0.0124
1728 48 0.0246
9641 77 -0.0156
24979 240 -0.0103
39712 29 -0.0058
13326 333 0.0054
37866 199 0.0107
13913 171 -0.0151
48588 110 0.0103
37948 28 0.0094
9705 170 -0.0091
25361 191 0.001
62543 34 -0.0147
59373 229 -0.0127
53335 242 0.0056
49401 213 -0.0126
18525 169 -0.0111
52413 230 0.0171
9751 301 3e-04
41644 16 0.0227
49802 211 -0.0041
17855 59 -0.0143
19121 58 -0.0126
21053 234 -0.0077
53437 124 0.0105
60391 113 -0.0134
46782 196 -0.0119
61588 179 -0.0076
14182 80 -0.0125
29161 8 -0.0187
32069 158 0.0097
53552 360 0.0041
45545 147 0.0044
75503 77 -0.0324
30388 109 -0.0125
28218 335 0.0282
4464 275 -0.0171
38408 263 0.0211
491 203 -0.0048
50336 8 -0.0093
21003 36 -0.0045
31624 222 -0.0047
12684 296 0.0241
45566 186 0.0159
51873 42 0.0026
57662 26 0.0266
42198 27 0.0149
55812 347 -0.0141
53824 25 0
56811 233 0.0446
21866 137 0.0632
64184 225 0.0462
381 290 -0.0057
66143 101 -9e-04
65478 24 0.0238
62601 66 0.0082
47507 189 0.0116
36085 202 0.015
39204 15 0.0171
59529 162 0.0411
22086 250 0.0379
57027 91 0.015
58332 155 0.0096
20757 218 0
27283 106 -0.004
19830 42 0.0023
10200 46 -0.0089
2839 282 -0.0131
20393 270 -0.0043
36975 218 -0.016
63230 186 0.0124
2412 252 -0.0109
25178 287 -0.0038
61717 128 0.0773
37401 35 0.0079
60382 233 0.0226
40454 110 -0.0183
34560 47 0.0233
55318 311 0.0142
13695 133 0.032
62610 7 0.0507
60317 129 -0.0139
64944 170 0.0046
43979 259 -1e-04
60365 87 0.0397
5422 272 -0.0172
50971 272 2e-04
92566 88 -0.0017
36885 206 0.0176
62924 170 0.0161
58121 39 -0.0137
41245 322 -0.0194
18399 234 -0.0236
26846 111 -0.0102
5090 188 0.0274
32719 15 0.0403
51713 48 0.0395
21410 90 -0.0051
28100 127 0.0106
54329 12 -0.0139
1981 102 6e-04
36635 108 0.0114
8357 241 -0.0092
20404 27 -0.0148
26258 290 -0.0113
58559 247 0.0084
62795 150 -0.0069
51171 177 -0.0033
31798 210 0.0019
33584 236 -0.0054
14303 39 0.0171
28109 28 -0.0138
62724 84 0.0033
27251 289 -0.0224
53185 202 0.0167
29410 371 -0.0096
18889 202 0.0085
23907 225 0.0032
62122 294 0.003
48244 132 -9e-04
53440 88 -0.0133
50299 22 0.0042
57805 313 -0.0175
31324 49 -0.0226
59903 353 0.0619
11751 77 -0.0139
44568 161 -0.0217
27821 121 -0.011
33251 104 -0.0134
13049 96 -0.0075
59709 96 0.0041
48237 96 0.0202
47699 222 -0.006
33497 194 9e-04
59553 199 0.0146
57234 230 0.0138
30384 250 -0.0012
4674 84 0.0148
45340 15 -0.0219
54867 37 0.0203
57525 51 0.0225
46072 204 0.0197
52368 288 0.0126
65692 191 -0.0067
28460 201 0.003
21934 184 0.0045
4177 62 -0.0067
98130 51 0.06
48187 149 0.0487
7418 99 -0.009
4054 127 0.018
47759 329 -0.0072
21426 337 6e-04
39508 12 -0.0149
48129 191 0.0443
60781 86 -0.0022
1347 131 -0.0126
53441 38 -0.0015
51981 88 0.0012
63948 151 0.0306
32281 327 -0.0067
34198 164 4e-04
85050 29 0.0094
52323 240 0.0236
58380 196 -0.0011
1578 75 -0.009
8878 266 -0.0196
16110 251 -0.0118
29614 320 -0.0207
5676 159 -0.0021
48833 245 -0.0123
65091 35 0.0399
11953 218 -0.0045
5567 84 -0.0105
65325 198 0.0346
63235 190 -0.0168
14565 68 0.0017
42512 297 0.0076
59953 308 -0.0026
9505 157 -0.0171
56672 276 -0.0124
96418 230 0.0086
50465 204 -0.0204
13477 158 -0.0015
53716 171 -0.0182
8507 384 -0.0041
79481 113 3e-04
1595 279 -0.0016
91339 173 -0.0198
92508 221 -0.0211
63025 25 -0.0233
19382 183 0.0367
1876 181 0.057
3681 283 -0.0012
239921 36 -0.017
59887 378 -0.0134
21703 33 0.0012
57000 133 -0.0036
63191 209 0.0227
9352 175 0.0357
47472 133 -0.0078
2027 352 0.0025
26428 305 -0.0135
39480 343 -0.0022
62594 8 -0.0032
22890 51 -0.0037
64238 111 -0.0051
20446 270 0.0092
31234 332 -0.0075
55035 136 0.0017
45200 342 -0.0206
55120 266 -0.0011
17713 254 0.0168
47673 75 0.006
127512 53 -0.0117
22153 194 -0.0208
13784 133 0.0096
25137 212 -9e-04
10224 93 0.0027
2128 181 -0.0134
28972 162 -0.0057
28606 160 0.0229
28708 278 -0.0072
61292 332 -0.0031
7182 219 -0.0017
59296 8 -0.0157
58378 118 -7e-04
22850 281 0.0017
43168 216 0.0019
25544 228 -0.0202
15463 162 0.0244
24909 73 0.018
21882 67 -0.0071
51732 109 -0.0122
194 55 0.0033
74206 29 -0.0028
13694 38 -0.0061
39263 176 0.0079
48145 284 -0.0113
54069 45 0.0093
59564 72 0.0101
12109 346 -0.0026
13720 160 -0.0056
142877 247 -0.0146
22923 211 -0.0155
10672 207 0.0056
22 14 -0.0025
9543 301 -0.0093
56455 82 0.05
38747 331 0.0052
18653 244 -0.0099
29858 48 -0.007
36695 298 0.0032
52914 47 -0.0119
23262 202 0.0152
92284 153 0.0026
474 254 -0.0254
30671 54 -0.0212
30538 155 0.0035
53344 47 -0.0064
78734 272 0.0098
6840 327 0.0475
7767 237 -0.0052
29603 21 0.0059
39041 17 -0.0023
43535 235 -0.0056
6798 114 -0.0198
33877 182 0.0104
60633 31 -0.0077
14345 15 -0.0097
59929 18 -0.0248
49848 251 0.0046
42251 199 0.0307
53338 47 0.0017
19056 239 -0.0189
96015 137 -0.006
38130 205 -0.0121
44079 260 -0.0139
40989 10 0.002
59378 211 -0.003
4048 337 -0.0056
56843 230 0.018
67769 135 0.03
34790 314 -0.0037
58066 82 0.0167
4043 206 -0.0186
31724 89 -0.0048
60574 51 0.0058
34518 104 -0.0118
48841 18 -0.0101
29398 261 -0.005
50701 185 0.0213
1142 55 0.0151
54855 258 0.0346
27631 207 0.0123
8827 255 -0.0024
47120 313 0.0027
11619 40 0.0089
46872 110 -0.02
834 132 -0.0044
68483 111 3e-04
3531 326 0.0166
16538 21 0.0096
52191 17 -0.0101
53071 102 -0.0152
9761 170 -0.0145
39870 207 0.0354
60952 299 -0.0051
51177 115 -0.0143
59439 230 0.0056
18697 218 -0.0032
48095 105 0.0546
19959 110 0.0169
12965 272 -0.0041
74027 78 -0.0103
26488 248 -0.0103
5094 284 0.0207
14425 208 -0.0011
59916 179 -8e-04
36442 194 0.0226
20450 203 -0.029
33229 50 8e-04
44547 61 0.0225
43430 26 0.0581
22374 291 -0.0206
12940 135 -0.0098
51592 20 0.001
21456 291 -0.0044
114167 250 0.0305
145292 279 -0.0019
33918 116 -0.0125
88828 313 0.0221
46827 201 -0.0064
49383 196 -0.0264
90377 38 0.007
27892 195 -0.0162
17513 175 0.0071
2807 233 0.0037
99085 233 -0.019
63309 82 -0.0062
35848 33 0.0106
32368 253 0.0095
46584 27 -0.0207
39552 234 -0.0077
57590 104 -0.019
59472 210 0.025
91357 350 -0.0022
29731 344 -0.0192
39701 303 -0.0124
54486 175 -0.0049
36432 226 -0.0053
36512 10 0.0119
96497 188 0.0349
13707 380 -0.001
45555 73 -6e-04
37753 269 -0.0307
57757 283 -0.018
46880 152 0.0077
6182 64 -0.0101
1242 144 0.0074
1616 131 0.0141
19015 240 0.0132
54885 131 0.0198
5183 55 0.0108
96225 119 -0.0081
18993 353 0.0228
61036 336 -0.011
35972 254 -2e-04
73918 261 0.0244
1267 345 -0.0173
10169 204 0.025
13900 101 0.0285
31248 120 -0.0125
21501 72 -0.0188
813 294 -0.0036
54835 15 -0.0189
53893 104 -0.0146
28090 364 -0.0047
62483 93 -0.008
50125 193 -0.0107
26025 151 0.0072
22375 281 0.0016
49108 29 -0.0037
59021 126 0.0043
54801 187 0.0139
20350 200 -0.009
29625 165 0.0025
29617 39 -0.001
54042 231 0.0014
31916 11 0.0123
2622 160 -0.0118
49413 136 2e-04
51451 237 -0.0037
60565 261 3e-04
52957 195 -0.0058
33286 135 0.0389
38306 137 -0.0048
47536 228 -0.0057
65430 263 -0.0216
4971 12 0.0036
41163 214 -0.0153
61788 215 0.027
13128 267 0.0084
20561 223 -0.0072
24146 311 -0.0023
61466 137 9e-04
47881 263 -0.0082
8080 110 -0.0055
32738 75 0.0077
63179 18 0.0096
49507 42 0.0186
49917 225 -0.0159
49432 245 0.0057
37487 317 0.01
30521 263 -0.0172
62805 29 0.0084
36571 72 -0.0065
99127 291 -0.0036
28261 270 -0.0118
51250 299 -0.0084
29613 183 -1e-04
104262 207 0.022
26314 257 0.0089
21362 235 -0.0063
41899 86 -0.0159
61548 170 0.022
86332 264 -0.0107
53436 46 -0.0095
1907 36 0.0242
52314 201 0.0092
1730 54 0.0243
61808 122 -0.0249
4902 238 0.0086
46691 33 -0.0043
47011 291 -0.0168
30056 75 0.0028
21187 181 -0.0141
66690 52 0.0236
12670 134 -0.0017
95284 68 -0.0077
65207 79 0.0299
48568 174 -0.0271
58061 275 0.0129
8108 189 0.015
56244 52 -0.0027
52625 30 0.005
62700 24 -0.0173
73532 256 -0.0192
23661 80 9e-04
53011 93 0.0154
22506 145 0.0071
10523 7 -0.0144
24139 60 0.0089
9320 210 -0.0109
29438 232 -0.0145
85107 235 -0.007
44645 106 0.0118
42570 288 -0.0063
60426 41 0.0294
2850 162 -0.0092
37793 103 0.009
10714 211 0.0228
15197 257 -0.0208
59131 289 -0.0062
63047 274 -0.0201
23361 57 -0.0065
16575 238 0.009
41071 68 0.0036
37610 226 0.0105
11234 127 0.009
49704 104 4e-04
39908 228 -0.0102
18488 79 -0.0038
4516 333 0.0087
1890 111 -0.0058
30868 53 0.0288
48399 299 0.0254
52772 180 -0.0133
59010 106 0.0516
53080 257 0.0022
15444 320 0.0253
57332 243 0.0101
28628 297 0.0308
26560 14 -0.0248
106 207 -0.0181
21719 29 0.0252
14161 245 -0.0244
90464 27 -0.0023
65275 279 -0.0189
26298 207 -0.0125
3558 124 -0.0264
17032 52 -0.0153
59684 17 -0.0095
3046 231 -0.0031
23164 247 -0.0107
3682 127 -0.0021
28915 97 0.0223
24861 105 0.0212
46356 197 -0.0065
41045 164 0.0076
63177 99 3e-04
46731 125 -0.0161
24055 113 -0.0108
17593 11 -0.0055
19006 255 -0.0136
48894 184 -0.0032
53114 62 -0.0014
98571 222 -0.0046
13749 237 -0.0189
26152 117 0.0029
70562 275 0.0043
75803 74 -0.0196
51972 72 -0.0084
13196 281 -0.0038
6920 278 -0.0156
64420 43 0.0412
12399 48 -0.0154
30758 125 -0.0168
38089 303 -0.0187
45792 311 0.0063
21790 15 -8e-04
86787 22 0.0265
34004 170 0.0066
3610 195 -0.0128
59628 259 0.0089
8504 120 -0.009
56914 133 -0.0045
47111 35 -0.0064
5298 244 -0.013
37671 77 -0.0121
57264 207 -0.0111
44741 137 0.0118
46617 198 -0.0125
61502 78 0.0015
183196 222 0.021
15086 56 3e-04
2882 132 -0.0239
9906 191 -0.0133
40944 79 -0.016
32138 301 -0.033
32114 116 -0.0027
36477 64 0.0446
65743 251 -0.014
11895 236 -0.0159
64686 190 -0.0125
56649 44 0.0048
10380 37 -0.0068
64809 134 -0.0272
2435 262 -0.003
9453 79 -0.0091
14949 122 -0.0212
48965 215 0.0288
96251 319 -0.0218
51675 50 -0.0239
6012 282 -0.0049
2352 168 0.0071
47415 64 -0.0118
64416 115 -0.0074
32503 263 -0.0079
46856 215 -0.0192
48592 48 -0.0104
10186 36 0.0058
72481 72 0.0071
60810 45 0.0034
54109 289 -0.0149
9355 282 0.0233
41460 272 0.0379
13429 59 -0.0062
14938 92 -0.0155
76231 263 -0.0076
95676 166 -0.0034
30048 35 0.0059
27383 189 -0.0104
35303 273 -0.0154
138175 19 0.0126
38906 202 0.0017
5103 58 -0.0248
57802 80 -0.0195
57312 246 -0.0156
50738 258 0.0135
42197 132 -0.0042
33905 224 -4e-04
125699 195 -7e-04
44960 231 -0.0128
57874 217 0.0107
7042 39 -0.0157
44607 74 -0.006
57601 183 -0.0054
86773 107 0.0085
47920 173 -0.0157
37545 278 -6e-04
57386 353 -0.0168
44653 284 0.003
49293 229 -0.015
33764 363 -0.0164
35045 321 -0.0034
50591 315 0.0277
58046 233 0.022
35221 235 -0.0104
17542 34 -0.0026
22037 188 0.0092
17694 130 -0.003
46235 161 -0.0105
9556 327 0.0189
51933 79 0.0169
60681 258 0.0183
86378 74 -0.0065
24450 236 0.0149
54175 264 0.0041
74951 240 0.0134
21231 218 -0.0046
49733 291 0.0122
84547 259 -0.0195
58537 309 0.0051
64084 112 -0.0057
57978 331 -0.0137
55078 100 0.0032
38360 112 -0.0012
87157 82 -0.0045
4226 41 -0.0061
49417 131 -0.01
50589 272 -0.0061
24497 56 0.0126
64583 235 -0.0054
26115 164 -0.0093
15405 163 0.0038
6786 207 -0.0154
25770 51 -0.0044
32597 43 -0.0175
126 250 -0.0164
59377 90 -0.0124
13084 287 -0.0062
19156 316 0.0218
61199 73 -0.0093
45195 251 -0.0086
48343 287 -0.0123
13202 76 0.0575
2395 156 0.0016
53022 193 0.005
48184 152 -0.0068
63257 107 0.0115
59154 365 0.0657
54392 224 0.0123
49813 83 0.0365
67714 49 -0.0144
14115 282 -0.0081
6096 205 0.0155
56979 137 -0.0109
51205 252 -0.0125
174 122 0.0291
50573 126 -0.0073
48737 234 0.0295
84908 205 0.0045
24877 266 0.0185
97699 127 -0.0048
50952 53 0.0319
29561 216 0.0159
45830 39 -0.0083
26854 318 0.0129
55724 63 6e-04
22926 106 -0.0055
17037 225 0.0078
28653 316 0.0218
22592 16 -0.0054
21441 221 -0.0108
41467 231 -0.0073
54415 15 0.0177
39885 279 -0.0031
60703 105 -0.0067
53779 253 0.0138
57456 157 -0.0185
55429 310 0.0011
57701 164 -0.0103
27655 282 -0.0172
6126 32 0.0123
573 153 7e-04
52740 254 -0.0127
94839 250 -0.0054
6997 74 -0.0027
54570 126 0.0388
29547 64 -0.0137
39530 212 -0.0178
10575 244 0.0039
62494 192 0.0048
41065 251 0.0163
32908 254 0.0071
13910 134 -0.0133
55000 286 -0.0019
27873 334 0.0203
54920 137 0.0206
34350 249 0.0015
51924 151 0.0147
49865 270 0.0301
53793 102 -0.017
10312 106 0.0065
76457 253 -0.0298
60722 92 -0.0083
73770 137 0.0056
5953 47 -0.0142
45087 160 -0.0047
47566 82 0.017
96081 170 0.0253
49703 158 -2e-04
16862 134 0.0065
58356 39 -0.0147
42063 247 -0.0093
4389 82 -0.0203
31429 22 -0.0049
54134 301 -0.0151
79228 189 -0.0057
25765 207 -0.0049
35111 232 0.0018
39589 69 0.0177
13300 266 -0.0169
47797 99 -0.0125
5884 61 0.0218
15028 174 0.0014
40662 151 0.0103
59591 148 -0.0142
18436 230 -0.0165
57794 206 -0.0098
58685 365 -0.0133
42262 142 0.0221
44094 194 0.0091
13763 216 -0.0247
29637 98 0.0098
11695 237 0.0191
56361 310 -0.03
13744 115 -0.0032
45679 199 0.0033
50277 86 -0.0123
31636 59 0
41682 202 0.0085
58394 220 0.0088
60241 11 -0.0062
59814 316 -0.0084
13135 83 -0.0069
34067 213 -0.0079
94864 17 -6e-04
26125 114 -0.0144
4414 195 0.0119
57733 25 0.0021
20723 13 -0.0246
76636 60 -0.0023
949 153 -0.0132
20885 51 0.0166
59853 260 0.0101
56995 93 -1e-04
30516 29 0.0349
21243 147 0.0267
48979 8 0.0154
2587 51 -0.0189
24798 141 -0.0156
48264 190 0.0078
49996 131 0.009
51557 171 -0.0188
23893 142 -0.0095
48143 235 -0.0024
15037 79 -0.0083
96942 265 -3e-04
708 267 0.0069
19101 169 0.0053
4871 265 -0.0063
13123 43 -0.0291
58317 43 0.0071
3300 50 -0.0165
42996 74 -0.0041
32404 282 0.0064
13569 137 -0.0256
60544 255 -0.017
13955 214 0.0056
49319 101 0.0205
23625 215 0.0079
62165 190 -0.0188
12867 130 0.0186
62176 86 -0.0101
17552 63 -1e-04
13408 72 -0.012
55366 213 0.0161
47351 177 -0.0047
63528 54 0.0074
25725 187 -0.0131
31273 42 -0.0098
48875 159 0.0433
23714 185 5e-04
14677 241 0.0297
33891 21 -0.0107
49912 289 -0.0111
32793 137 -0.0193
18835 102 -0.0182
21588 218 -6e-04
43873 278 -0.0173
54202 69 0.007
28712 120 -0.0042
62055 81 -0.0064
25266 148 -0.0146
34232 76 0.0261
35978 304 -6e-04
63427 272 0.0641
50376 195 0.0167
53840 189 0.0023
44304 224 -0.0193
17363 29 -0.0078
17840 176 -0.0184
12503 47 -0.0022
35652 31 0.0237
20736 94 -0.0074
533 61 -0.012
39175 175 0.0246
52031 220 1e-04
38207 59 -0.0033
63343 237 -0.0085
18831 83 0.0362
14155 108 -0.0097
59835 266 0.0151
62234 304 -0.025
30475 284 -0.0083
15585 174 -0.0037
9526 206 -0.0139
25678 84 0.0178
12229 229 -0.0205
24371 104 -0.0062
89787 209 -0.0029
42128 282 -0.0115
68860 89 -0.0153
5082 107 0.0462
47710 12 -0.0185
50451 248 -0.0033
3371 105 -0.022
96180 236 -0.0208
61813 305 -0.0227
54046 104 -0.0138
63067 319 -0.0026
29677 76 6e-04
40457 59 0.0113
63236 272 0.0115
221 239 0.0296
55464 169 0.0294
84885 110 0.0177
99471 254 0.0052
22768 149 -0.0134
11852 169 -0.0124
33103 204 0.025
16291 78 0.0021
45701 89 -0.0176
39347 122 -0.014
19423 44 -9e-04
62892 66 -0.0258
18336 80 -0.0048
20119 219 0.0161
57865 274 0.0229
13787 84 -0.0118
9020 249 -0.0184
13367 248 -0.0074
16039 17 0.0151
50494 62 -0.0232
99373 245 0.0179
36549 193 -0.002
48811 39 0.0071
32896 40 2e-04
13848 160 -0.0036
53225 256 -0.0097
69353 299 -0.0102
40221 74 -0.011
28988 200 -0.0133
25322 14 -0.0174
60315 44 0.0357
36657 114 -0.0153
15803 146 -0.0071
28418 215 0.0136
24583 214 -0.0117
7517 217 0.0533
16455 136 -0.0086
34761 316 -0.0063
60240 310 -0.0107
24611 102 0.0403
8988 157 0.0102
59464 207 -0.0097
22772 248 -0.0213
42038 266 -0.0094
65741 163 0.016
29450 193 -0.0177
13030 323 0.0245
14959 80 -0.0154
29175 106 -0.0058
55408 34 -0.0033
20351 84 -0.0136
23759 243 0.0222
63203 179 -0.0107
24082 318 0.0062
3421 341 -0.0128
23484 181 0.0102
35567 287 0.0111
65477 95 -0.0039
55454 271 -0.0137
1078 226 -0.0019
44475 128 0.0147
65164 330 0.0059
709 72 0.0104
28790 371 0.0066
24938 153 -0.0199
162581 210 -0.021
27965 159 0.0074
13740 265 -0.0055
42518 222 0.0333
82766 339 -0.0029
27221 50 -7e-04
14441 239 0.0011
22691 30 -0.0021
42762 94 -0.0024
74221 276 0.0087
33014 288 -0.0016
63061 325 0.0623
45651 130 0.0089
27434 189 0.0117
20227 36 -0.0068
51725 265 -0.0105
14033 120 0.023
14223 171 -0.0068
25952 41 -0.0058
146928 173 0.0016
53589 181 0.0199
20984 123 -0.0131
29998 218 0.0078
31765 315 0.0026
35977 41 -0.0125
16963 259 -0.0048
19070 34 -0.0154
7028 310 -0.0155
12504 24 -0.0096
60116 240 -0.0176
142077 252 -5e-04
21539 134 0.0037
59228 29 -0.0168
13229 278 0.002
96577 93 -0.016
26760 17 -0.0055
8600 47 0.0085
49788 108 -8e-04
27296 89 -0.0034
18712 173 -0.016
22788 245 -0.0165
51312 39 0.0111
6917 200 0.0071
40578 149 -0.0041
593 220 -6e-04
16054 47 -0.0099
51685 259 -0.0252
27183 125 0.0154
35686 20 -0.0072
21739 242 -0.021
63609 205 0.0328
21117 21 -0.0266
60512 258 -0.0092
25394 233 -0.0211
30787 100 0.0016
54055 149 0.0087
12534 21 0.0089
14028 148 -0.0036
28830 227 -0.0138
8443 75 -0.0035
52546 176 -0.0186
13203 11 0.0356
11282 154 0.0173
38605 109 -0.0074
30767 187 -0.0151
25446 263 0.0167
48615 242 0.0075
16495 39 0.0281
54207 216 -0.0043
47431 43 -0.0016
42249 257 0.0059
54674 247 0.0018
51421 299 -0.0068
1997 215 -0.0107
42513 112 -0.024
27647 32 9e-04
34709 44 -0.015
29564 301 -0.0065
53663 212 0.0057
51275 51 0.0076
47549 126 3e-04
75758 93 -0.0097
23697 245 0.0093
11952 209 -0.0039
66722 141 0.0056
53693 42 0.0046
14424 258 -0.0092
33957 289 -0.0163
9434 226 -0.0069
92007 204 -0.0151
4222 255 0.0129
8863 184 0.0238
60539 172 0.0307
60028 88 0.0168
61483 333 -0.0141
41939 304 -0.0068
3455 119 -0.0024
27197 167 -0.0205
98732 126 0.0054
12619 42 0.0091
43474 229 -0.0037
76036 248 0.0019
37742 298 0.0011
4747 101 -0.002
6669 102 -0.0104
94281 74 -0.0198
12829 148 -0.0048
16890 22 0.0227
52849 126 0.0419
58966 178 -0.017
41527 28 0.063
91772 234 0.0733
23379 148 0.0149
588 147 -0.0242
61319 186 -0.0094
27937 133 -0.0048
60074 253 0.0313
63386 88 -0.0184
53148 149 0.0294
35841 163 0.0019
77 74 0.0065
6539 195 0.0088
27234 59 -0.0183
1567 126 -0.0013
58052 276 -0.0208
96691 244 -0.0072
35912 103 0.0938
48040 45 0.0242
99516 40 -0.0101
30940 239 0.0552
12424 121 0.0056
39756 58 0.0202
8957 112 0.0188
57959 306 -0.0166
127830 210 -0.0113
3644 110 0.006
6470 257 -0.0053
2174 51 -0.0057
39124 104 -0.0057
49580 266 0.0136
4633 208 -0.0169
58575 273 -0.0201
10041 259 -0.0115
65035 247 -7e-04
53306 41 0.0516
45518 108 0.0192
53428 58 0.0574
15342 42 0.008
16258 100 -0.0058
19306 41 0.0322
28147 245 0.0144
61400 91 -0.0022
37844 223 0.0012
44281 233 -0.0226
28220 282 0.0269
37094 293 0.0823
49787 134 -0.0186
44605 300 -0.0113
55441 246 -0.0168
7725 314 -0.0043
32638 260 0.0011
2454 164 -0.0047
66846 165 0.0194
55388 239 -0.0048
12196 43 -0.0166
53605 168 0.0184
53590 293 0.0014
24922 216 -0.0115
15465 24 -0.0038
36226 106 0.0184
18969 68 -0.0085
35084 227 -0.0058
3636 153 0.0177
20279 187 -0.0175
37548 250 0.0243
63340 315 -0.0058
12296 346 0.0436
27876 325 -0.0087
26937 253 0.0034
27475 238 -0.0011
51265 75 0.0155
23459 192 0.0039
64264 90 -0.0164
16290 240 -0.0028
18351 322 -5e-04
46884 297 -0.014
41374 114 0.0233
12306 241 0.0017
52938 256 0.0386
29601 246 -0.0129
16819 240 -0.0204
35554 15 0.0148
38446 309 0.0268
47756 97 0.0205
53327 205 -0.0038
4058 257 0.0058
47076 30 -0.007
20013 68 -0.0066
37270 143 0.0036
32561 130 0
50134 126 0.0151
58605 81 -0.0079
4015 8 0.004
32622 180 -4e-04
27356 221 -0.0017
27541 74 -0.0109
56950 313 -0.0082
18056 236 0.0034
87500 56 0.0014
630 125 -0.0107
91001 100 -0.0061
139006 201 -0.0024
14462 175 -0.012
60818 79 -0.0208
95718 276 -0.0113
18291 170 0.0153
27752 74 0.0071
59766 267 -0.0064
47859 99 0.0101
1187 180 0.0217
10596 60 -0.005
4208 245 -0.0126
14702 158 0.0153
55021 203 -0.0123
39605 98 0.0089
50748 315 0.0024
54338 124 0.0121
28682 19 -0.0148
32068 131 -0.0077
64364 184 0.0135
27510 21 0.008
22616 37 0.0073
1108 271 -0.0085
13738 66 -0.004
53111 45 -0.0057
13743 293 -0.0099
28863 280 0.0936
48739 227 0.0011
125765 247 -0.0214
57720 183 0.0188
13169 290 -0.0147
59427 276 0.0137
99490 152 -0.0163
23228 63 -0.0029
57354 147 -0.0055
21343 153 -0.0048
5392 329 -0.0121
49346 46 -0.0062
19472 216 -0.0023
42329 121 0.0434
15422 109 -0.0019
62430 125 0.0423
31740 233 -0.0058
64565 296 0.0062
59983 251 -0.0226
46462 89 -0.0137
8452 112 -0.0056
33791 161 0.0227
56526 72 0.001
35463 32 -0.0062
49253 189 -0.0086
36306 215 0.0199
20855 266 0.0027
33326 229 -0.0083
59639 32 0.0213
35997 28 0.002
46531 336 -6e-04
1656 21 -0.0164
58933 162 -0.0199
38397 192 0.014
13222 36 -0.0111
53312 298 0.0067
35968 204 -0.013
65686 214 0.0224
3564 314 -0.0238
17300 31 -0.0196
36298 226 -0.0085
46568 95 -0.0046
9006 188 2e-04
49074 170 -0.0125
21834 319 -0.0233
22802 236 -0.0073
67659 304 -0.0236
53288 278 0.0041
40109 17 -0.0077
25689 332 0.0061
47262 44 0.0092
5332 120 0.0177
56149 321 -0.0119
2305 190 -0.0019
12180 120 0.008
21684 12 0.0111
28093 324 -0.0137
40816 372 -0.0124
19535 79 -0.0036
13514 64 6e-04
11640 180 -0.005
85799 216 -0.0105
49505 212 0.0054
56042 126 -0.0052
9303 85 -0.0049
61422 237 -0.0061
25076 290 -0.0072
27883 274 -0.0123
22604 252 0.0028
50339 215 -0.0068
17592 210 5e-04
60843 255 0.0393
132706 13 0.0072
24754 223 -0.012
68217 181 -0.0188
15017 251 -0.0096
71194 55 0.0064
18386 43 0.0604
31859 87 0.0067
11970 96 0.0027
37620 18 -0.0132
3118 291 -0.0148
49624 282 0.0377
22240 57 0.0395
49554 179 -0.0054
97373 166 0.0243
37830 68 -0.0192
2028 107 0.0031
13761 27 0.0498
27461 76 0.0098
27950 233 -0.0121
6140 103 -0.0136
39771 191 0.0035
51486 16 -0.0143
36492 227 -0.0051
74320 101 0.0378
61474 62 -0.0087
29605 367 0.0235
53030 228 0.027
8696 253 -0.0121
37958 310 0.0044
28604 206 1e-04
48380 208 -0.0125
76580 254 -0.0072
13809 12 -0.0096
715 204 0.0109
57784 300 0.0021
146046 233 -0.0055
60479 190 0.0727
25129 113 -0.0085
60450 156 0.017
9937 169 0.0094
55418 175 -0.016
18855 91 0.037
50486 275 -0.0076
62246 166 -0.0111
32844 47 0.0066
88446 126 -0.0094
1303 297 0.006
29380 99 0
27373 80 -0.0024
51272 103 -0.0131
11172 164 -0.013
54259 358 -0.0036
27308 260 0.0268
30629 241 -0.0141
180421 282 -0.0041
57419 207 -0.0032
83417 35 -0.0187
88469 119 0.0691
24275 48 -0.0154
50418 171 -0.0178
23393 30 0.0066
40232 17 -0.0176
10151 68 -0.0016
9756 181 0.0036
12062 202 0.0199
24309 152 -0.0072
19227 96 0.0083
5973 264 0.0074
