name PC1 PC2 cluster
X19.23182 0.0210728509013721 0.130890187797793 2
X19.23183 0.0479957823528785 0.115039721708899 2
X19.23184 0.00279456980976794 -0.0720088997132945 2
X19.23185 0.0832451922683527 0.00372153437222499 2
X19.23186 0.0189615560599919 -0.147482363542496 2
X19.23187 0.0687329004012614 0.13118663512181 2
X19.23188 0.0316095678711826 0.119773850596623 2
X19.23189 0.0334355298390532 0.193403085969201 2
X19.23190 0.00982504439770817 0.107611244976238 2
X19.23191 0.0522553116240784 -0.0874351942732172 2
X19.23192 0.0507270276477601 -0.0348064627911767 2
X19.23193 0.0196305940413548 0.0214146424246575 2
X19.23194 0.0278856857745394 0.114764907755971 2
X19.23195 0.0352109742658943 0.141815882041309 2
X19.23196 0.026433174960865 -0.0538594440437642 2
X19.23197 0.0343858579147229 0.136767070772095 2
X19.23199 0.0570751060662047 -0.13985678008851 2
X19.23200 0.0205813940146647 0.0857143502216581 2
X19.23201 0.0292544562580188 -0.24359277564036 2
X19.23202 0.0656151235023097 0.03390096785372 2
X19.23203 0.0485582733360005 0.0536921942843984 2
X19.23204 0.0400396136065605 0.0183345626212767 2
X19.23205 0.0430586532389964 -0.0900821747224694 2
X19.23207 0.0142411795708481 0.00313271457388738 2
X19.23209 0.00635864371767188 -0.0138782674616371 2
X19.23210 0.0403429819137327 0.044920531072292 2
X19.23211 0.0334563016824259 -0.0521299676285497 2
X19.23245 0.0254445103999727 0.0958616963617645 2
X19.23246 0.0356487743996782 -0.0340703457552293 2
X19.23249 0.0332444196133022 -0.103411882974529 2
X19.23251 0.0294656985868887 0.000288862558707283 2
X19.23283 0.0054606413327857 0.0408703897163186 2
X19.23286 0.0285252629960272 0.0760613660536398 2
X19.23287 0.0388918366526123 0.0383839564584475 2
X19.23288 -0.0102011424783281 -0.0510589444513376 2
X19.23289 0.0103499948467306 -0.166023820582721 2
X19.23378 0.0323050357355574 0.152715917045831 2
X19.23379 0.0226450746386266 0.0514770253742914 2
X19.23381 0.0256228868964273 -0.0667819707206234 2
X19.23402 0.0243697012536555 0.022479888458598 2
X19.23403 0.0373365759556005 -0.0408113743278293 2
X19.23406 0.0151978488332916 -0.0358350150679087 2
X19.23407 0.0204171460811332 -0.120437622013541 2
X19.23408 0.068067542832087 -0.151552781852355 2
X19.23418 -0.00398557350853803 -0.0432966544902856 2
X19.23419 0.042210932213805 -0.0171433334948286 2
X19.23425 0.0651761232987508 -0.0303360177008804 2
X19.23429 0.061690909538605 0.0819652425674903 2
X19.23433 0.0437692327339779 0.0656962889360452 2
X19.23438 0.0197933094336884 0.12470192209583 2
X19.23439 0.0253459506902234 -0.0177141295704883 2
X19.23442 0.0632115013461874 -0.033589626034219 2
X19.23444 0.0399239840888185 0.0674754361099599 2
X19.23456 0.0491187689322548 0.0488970657324697 2
X19.23472 0.0431185744120683 0.042231785682981 2
X19.23473 0.0139274601470419 -0.0202248516352645 2
X19.23476 0.0625159764413794 -0.121222203314682 2
X19.23477 0.0160411237327882 0.00753795914801359 2
X19.23478 0.0403079812567873 0.0382205292590693 2
X19.23479 0.00742116883531399 0.0269864219105741 2
X19.23485 0.0399471824569487 0.00574108357513166 2
X19.23636 0.0526196416005469 -0.0214716756719936 2
X19.23651 0.0540537486056742 0.0341384955822817 2
X19.23652 0.00567723298038992 -0.0385632595904129 2
X19.23653 0.0251301740888638 -0.00702695795029273 2
X19.23654 0.0570796573060572 -0.153279724973209 2
X19.23658 0.0147220147775847 -0.0103637554852206 2
X19.23659 -0.0138723697212659 -0.0506167214857866 2
X19.23660 0.0151820722961372 0.00285949335951343 2
X19.23702 0.0530689560708566 0.0812014564318806 2
X19.23703 0.0297509772002228 0.0236322521759801 2
X19.23704 0.0219409650478512 -0.0396668814956328 2
X19.23705 0.0331344892808246 -0.0126945408741593 2
X19.23713 0.0350584030613099 0.0876423641868836 2
X19.23715 0.0384136837926628 0.041512254953042 2
X19.23717 0.0547757287148704 -0.0248077653149087 2
X19.23718 0.0185495094883243 -0.00950956770733197 2
X19.23719 0.0100055176416125 -0.0189376103974738 2
X19.23722 0.028621938158677 0.00902637243091287 2
X19.23723 0.0557405569358925 -0.0588634128052546 2
X19.23764 0.0406596492951806 0.0333574444392656 2
X19.23765 0.0121469354157513 0.054748433794617 2
X19.23766 0.0295507676817862 -0.13725549053742 2
X19.23768 0.0344716738563264 -0.158779641635716 2
X19.23806 0.0268430164671942 0.0189115296665501 2
X19.23933 0.0445259193069996 -0.0806053367468088 2
X19.23934 0.0257246789262024 0.0778071828818609 2
X19.23936 0.0338434505762739 -0.0508982159945465 2
X19.23996 0.0435643839536878 -0.0357017965794235 2
X19.23997 0.0533233722697087 -0.023033469640497 2
X19.23998 0.0324043990754884 0.143440678826533 2
X19.24041 -0.0732302843102063 -0.124890493435505 1
X19.24046 -0.0963610627369575 -0.0616529847241127 1
X19.24068 -0.294700140457862 -0.000279047492862004 0
X19.24069 0.0528208772058105 0.0135293109477849 2
X19.24070 0.0389544543267677 -0.00569622103181481 2
X19.24078 0.0328354952009471 0.0269144069405807 2
X19.24079 0.00219698758542267 0.129047231659799 2
X19.24080 0.0371797406784471 -0.00138142897693082 2
X19.24081 0.0251963372184337 0.0398828762755907 2
X19.24082 0.0407468920871329 -0.00910910044655691 2
X19.24088 0.0395200930683852 -0.0387119341525793 2
X19.24089 0.0359218102315649 0.0639773349754727 2
X19.24090 0.0532020963813099 0.017932736069602 2
X19.24091 0.0367482230334473 -0.033179856220081 2
X19.24096 -0.000282374752275524 0.00127918482280755 2
X19.24097 -0.00370932794577821 -0.00789322353957858 2
X19.24098 0.0589577171212504 0.0438343005552734 2
X19.24143 0.0392163032194072 -0.140608284936933 2
X19.24146 0.0332384981997745 0.0423644366353078 2
X19.24147 -0.130283696645777 0.0503826486299374 1
X19.24148 -0.0917466027366478 0.00445068757242091 1
X19.24149 0.0179411831258376 -0.027666689013615 2
X19.24150 -0.117847591316457 0.0129500746205214 1
X19.24151 -0.0976451200414875 0.0527006132173649 1
X19.24181 -0.294900041702589 0.0271235795345342 0
X19.24182 -0.303861081890077 0.0122860166517188 0
X19.24183 0.05180940653851 -0.0660106272528647 2
X19.24184 0.0242027615841192 0.0397663094393289 2
X19.24185 0.00880035481666658 -0.112782822328503 2
X19.24186 0.0150167571554345 0.0452681758363472 2
X19.24187 -0.273206754739963 0.0229422952593208 0
X19.24188 0.021055248340423 0.0646042716816418 2
X19.24191 0.000347590410208595 0.0755900974972723 2
X19.24192 -0.123567657070233 -0.0510685238764245 1
X19.24193 0.049648406080665 -0.0546489839086959 2
X19.24239 -0.0832826997923271 0.0453741626709889 1
X19.24240 -0.264298170837093 -0.032474909313731 0
X19.24404 0.022882221312551 0.138671119890993 2
X19.24406 0.0648502320664619 -0.00626822519597454 2
X19.24407 -0.106696308822572 0.0106861642241643 1
X19.24413 0.0701464330435677 0.112450890262717 2
X19.24424 0.0179899848100588 0.0890643999510948 2
X19.24426 0.0206144377560285 -0.139208813686404 2
X19.24429 0.00884424332766739 -0.0163319891188813 2
X19.24443 0.0211422757291615 -0.0851162633532041 2
X19.24445 0.0690463019354433 -0.0653423140667294 2
X19.24446 -0.10992813989244 -0.01975786444476 1
X19.24447 0.0225884283276172 0.0169726815001998 2
X19.24449 -0.120457753821067 -0.0110011368510444 1
X19.24450 -0.1004360849678 0.00010655703071079 1
X19.24452 0.0260295441004066 0.00732798258330067 2
X19.24453 0.0296959690942067 0.0565879630162605 2
X19.24454 0.0375340093563478 0.0234734384015793 2
X19.24477 -0.125939020295206 -0.106617485620641 1
X19.24485 -0.0932268383768809 0.0810051565313722 1
X19.24675 -0.112082541111135 0.120117268548608 1
X19.24682 -0.114418296285839 -0.00154764899698439 1
X19.24683 -0.113355556506053 -0.0589643771909283 1
X19.24685 0.0343276028913429 0.0100786575942295 2
X19.24686 -0.138147724439619 0.000281507310911832 1
X19.24687 0.00231005054074796 -0.00162938401393833 2
X19.24688 0.0167361237748531 0.199336192942509 2
X19.24689 -0.0936512647206229 -0.052909845244087 1
X19.24690 0.0135065440762368 -0.000947785604389242 2
X19.24691 0.0390792211898446 -0.0629595702578308 2
X19.24693 -0.0874447577067022 -0.045676997906033 1
X19.24694 0.0533079048596823 -0.161902471135905 2
X19.24696 0.0198363037778143 0.0134664818915872 2
X19.24697 -0.14740564237962 -0.0609521262485149 1
X19.24741 0.0215483658166141 -0.0259957291954683 2
X19.24742 -0.100469726640766 0.0119351428008131 1
X19.24743 0.000166628409759389 -0.0035069350135961 2
X19.24744 -0.109999591815923 0.00712215824008831 1
X19.24745 0.0283981635750763 -0.0473320947648255 2
X19.24747 -0.135863616521016 0.0454291040092739 1
X19.24748 -0.147418268610329 0.0395812070593343 1
X19.24749 0.0318441077215165 -0.129141743200953 2
X19.24750 0.0197496160762585 -0.133870421886552 2
X19.24752 0.0401383042693341 0.0507585033596424 2
X19.24757 0.00922693848091983 -0.0753764618164803 2
X19.24758 0.0268318627233506 -0.0478646905068963 2
X19.24759 0.00920674589233816 0.0380609061285967 2
X19.24760 -0.0482138555139672 0.0423337940133754 1
X19.24773 0.0390559781378072 -0.0089690623754573 2
X19.24774 -0.275696690585802 -0.0329809883076178 0
X19.24775 -0.043684233212591 0.0140239247917079 1
X19.24777 0.00574719597605391 0.0150402795522162 2
X19.24781 0.0336986407265872 0.0628791723657427 2
