name PC1 PC2 cluster
X19.23182 0.0384738372150557 -0.0996466353959068 2
X19.23183 -0.0703170759808922 0.166866355538319 1
X19.23184 0.0751121784283482 -0.0732432937551329 2
X19.23185 -0.0293566759293642 -0.0642781627881349 1
X19.23186 0.0342005593291495 0.0311567109277952 2
X19.23187 0.0964163351257668 0.0505563089717033 2
X19.23188 0.0477755773106309 0.0691738466704774 2
X19.23189 0.0720052888833801 -0.0661768073027051 2
X19.23190 -0.0893522754395095 -0.0468289966549261 1
X19.23191 -0.065325885137565 0.17459665529994 1
X19.23192 0.0716875896158408 -0.0600471154700023 2
X19.23193 0.0472427898814481 -0.077175325739489 2
X19.23194 0.0558077000816816 0.0165534848648487 2
X19.23195 -0.0975123353552496 -0.039650184336376 1
X19.23196 -0.0593997545719624 -0.00615266253764204 1
X19.23197 -0.0819389578454075 0.175704980244296 1
X19.23199 -0.0408264212311035 0.151223498457145 1
X19.23200 0.0505864911609876 0.0542941096295168 2
X19.23201 0.0526047053396757 0.0138683516148323 2
X19.23202 0.0987402680219285 -0.0486446290596213 2
X19.23203 0.068717667415407 0.171296711708824 2
X19.23204 -0.0671119561105208 -0.0817499871576049 1
X19.23205 0.0656699843233951 -0.0323136853336113 2
X19.23207 0.0344139215551252 0.0772811351843814 2
X19.23209 0.0468035116711294 -0.0444918379929649 2
X19.23210 0.0789537131577236 -0.0504207950353029 2
X19.23211 0.0666310114592679 0.098151196613566 2
X19.23245 -0.0732739465799662 -0.0162414028732782 1
X19.23246 -0.0544127593833938 -0.0671830125505886 1
X19.23249 0.056995871161106 0.0610519343693566 2
X19.23251 -0.0906598402056751 -0.0422523720669548 1
X19.23283 0.0428160635306195 0.0519232013456598 2
X19.23286 0.0793257233167508 0.0943387550855097 2
X19.23287 0.0967869232504219 0.124186891869689 2
X19.23288 -0.0700344166636631 0.0148271223333199 1
X19.23289 -0.0969199667531397 -0.00727305831289963 1
X19.23378 -0.0862053177971557 -0.00163812344780526 1
X19.23379 0.043724417143003 -0.0498534143429659 2
X19.23381 0.0667367930408911 0.127798352697853 2
X19.23402 -0.0703286611073572 0.181740838437516 1
X19.23403 0.0593013491306678 0.000918700018956955 2
X19.23406 -0.189813307555796 -0.0579944553094246 0
X19.23407 0.0483287678056171 0.0549453620262887 2
X19.23408 0.0381369281846041 -0.0529812208549803 2
X19.23418 0.0382623023848528 -0.059506020344801 2
X19.23419 0.0491278907540146 0.0355255011562459 2
X19.23425 0.0930642217884202 -0.0844213674761456 2
X19.23429 0.0580844804018417 -0.0495052938426781 2
X19.23433 0.0490156592514706 -0.0438179495909915 2
X19.23438 0.0779578685884596 -0.0596045222460899 2
X19.23439 0.051362377624461 -0.0706608255253577 2
X19.23442 0.0822601068844071 0.145872325584784 2
X19.23444 0.0871675954165018 0.0235403427641826 2
X19.23456 0.0575855725566024 -0.040090547983432 2
X19.23472 0.0729168646492917 0.15948000242248 2
X19.23473 0.0691234048569554 0.0377294776302858 2
X19.23476 -0.0734601410218009 -0.0332556723306794 1
X19.23477 0.0468173350110453 0.00239508211912915 2
X19.23478 -0.0368420443046473 0.0429861471060609 1
X19.23479 -0.081750787079833 -0.0262636823614329 1
X19.23485 -0.0881527076935937 -0.029955378734273 1
X19.23636 0.049766283559648 0.023617783573407 2
X19.23651 -0.0743643871295874 -0.0557269674881298 1
X19.23652 -0.0719420537706416 -0.0547032640535337 1
X19.23653 -0.0786560303330952 -0.0613890272072511 1
X19.23654 -0.0899371478035211 -0.0423063839828541 1
X19.23658 -0.0416584820340558 -0.04276314189798 1
X19.23659 0.0276653970811001 -0.052889766018302 2
X19.23660 -0.0698639001189292 -0.020979900351373 1
X19.23702 -0.108469861903422 -0.0412580378365335 1
X19.23703 -0.0847954101515407 0.157190293265661 1
X19.23704 0.0554070119294306 0.128789905190477 2
X19.23705 -0.248114268163573 -0.021468335919212 0
X19.23713 0.0552824648353848 0.155507310583136 2
X19.23715 0.0703991081145725 0.0947422141433576 2
X19.23717 0.0277366856450907 -0.067254326905223 2
X19.23718 -0.0467589507737829 -0.0778419794441477 1
X19.23719 0.0378281065437641 -0.0633000730707894 2
X19.23722 -0.207141484381271 -0.010018182061931 0
X19.23723 0.080582994114829 0.102717207329223 2
X19.23764 -0.0541418675187038 -0.0594988323044187 1
X19.23765 -0.0855927963300056 -0.0319518284606134 1
X19.23766 0.0825372936817951 0.0221587976874673 2
X19.23768 0.0617273560591484 -0.0148534534287132 2
X19.23806 0.0542389905481723 -0.0595957481041576 2
X19.23933 -0.079075455877984 0.138663414162081 1
X19.23934 0.0846855603441367 -0.066734697576853 2
X19.23936 0.0670972491467524 -0.0588515910714298 2
X19.23996 0.0649535074745765 -0.0466054817676006 2
X19.23997 0.0255615319540274 0.0034177228949122 2
X19.23998 0.0469387295873157 -0.0102106812329893 2
X19.24041 -0.0586701577886609 -0.0551000381298133 1
X19.24046 0.0697174742726474 -0.0318175097532631 2
X19.24068 0.0679080137924979 -0.0526487444801684 2
X19.24069 -0.0598014230103261 -0.0497742824803341 1
X19.24070 0.080489323764631 -0.0530937308898658 2
X19.24078 -0.0413459490345922 0.118679715873812 1
X19.24079 -0.0673868380743003 -0.0427229674909541 1
X19.24080 0.050061041167697 0.165824857570728 2
X19.24081 -0.0422835053986107 0.0126931462969096 1
X19.24082 -0.0919372410867701 -0.0482380619270506 1
X19.24088 -0.0922830040280333 -0.0253974150966983 1
X19.24089 -0.0346340101195357 -0.0750162535526154 1
X19.24090 -0.0862942640219151 -0.0678458576494638 1
X19.24091 -0.0651453820221222 -0.049878662999702 1
X19.24096 -0.0222815581556146 -0.0473828451537636 1
X19.24097 -0.0197923677338097 -0.0589662963608965 1
X19.24098 0.0701208871725498 -0.0267033121226803 2
X19.24143 -0.176171577586024 0.0360047150023761 0
X19.24146 0.0704144731825699 0.0519736954538084 2
X19.24147 0.0443849053382163 -0.0491268244703659 2
X19.24148 0.0589322652416235 -0.0188952704763585 2
X19.24149 -0.0711850668242645 -0.0252729016999249 1
X19.24150 0.0585780047516385 0.063981326983083 2
X19.24151 0.0532829347478347 0.0644348829542647 2
X19.24181 0.0724615734231836 -0.0739676877322972 2
X19.24182 -0.0424216411745478 -0.0444406914454908 1
X19.24183 -0.238624864094351 -0.0190558761094698 0
X19.24184 -0.0306417540217098 -0.0533949584830427 1
X19.24185 -0.057156084868754 0.0480386870896242 1
X19.24186 0.0463721363623086 0.150523781884674 2
X19.24187 -0.197247847598202 -0.0392515852971654 0
X19.24188 -0.0111088641121684 0.0418423394868016 1
X19.24191 0.0592396614586597 -0.0781209348911334 2
X19.24192 0.0876522953371103 -0.0624340475475236 2
X19.24193 0.105867280934392 0.0305261202746961 2
X19.24239 0.0303536696718195 0.0291634204044167 2
X19.24240 0.0473900681824003 0.0246433301834438 2
X19.24404 -0.100207387329646 0.11963644050323 1
X19.24406 -0.044242572865985 0.128351046795153 1
X19.24407 0.0628009003052995 -0.0520037503746653 2
X19.24413 -0.0565012031074658 0.18176080848837 1
X19.24424 0.0367020218242771 -0.00325992701606829 2
X19.24426 0.0593313403852212 -0.0790940946270812 2
X19.24429 -0.0337114633824896 0.114427182020567 1
X19.24443 -0.0844396887562758 -0.0513906962521845 1
X19.24445 0.0494158206287881 -0.0600502198320619 2
X19.24446 0.0407275916315944 -0.0391702601485315 2
X19.24447 0.0443337751519996 -0.0247274347286148 2
X19.24449 0.0584303345004956 0.0215774741722419 2
X19.24450 0.0646774752372949 0.039092223424578 2
X19.24452 -0.0234193096202723 -0.0155716432099529 1
X19.24453 0.0359101209571438 0.0393597719969599 2
X19.24454 -0.0504523342070609 -0.0895738616994222 1
X19.24477 -0.0621356023248254 -0.0661526391966021 1
X19.24485 -0.0719534889818823 -0.0494758052392776 1
X19.24675 0.0506899525455783 -0.0639039305289607 2
X19.24682 -0.0493732780347765 0.179968225999028 1
X19.24683 -0.0449536699042894 -0.0180713783119039 1
X19.24685 -0.068901184827864 -0.0521360239464981 1
X19.24686 -0.0811159886260964 -0.0156631961986979 1
X19.24687 0.0342073088079211 -0.07477957434615 2
X19.24688 0.0724162798041255 -0.0237569611161769 2
X19.24689 0.0875383620829546 -0.067233356019531 2
X19.24690 0.076679597973803 -0.0353473530750363 2
X19.24691 0.0770655148934544 -0.0672849712231336 2
X19.24693 -0.0539406415126948 -0.00329323452205237 1
X19.24694 0.0775216013909635 0.025576336686182 2
X19.24696 0.0880515357821375 -0.0710633304983127 2
X19.24697 -0.0827926305539324 0.175659471839006 1
X19.24741 -0.0325396107480334 -0.0923402943162473 1
X19.24742 0.0438825130469454 -0.092211353147593 2
X19.24743 -0.0416978535724301 -0.0454171402639843 1
X19.24744 0.0653935516335366 -0.0955065057718052 2
X19.24745 -0.0156481524765899 -0.0507662591349241 1
X19.24747 0.0447449522481215 -0.0109048220911712 2
X19.24748 -0.0840384520437316 -0.0201102521233557 1
X19.24749 -0.0206917296380747 -0.042358732917676 1
X19.24750 0.0730204318433299 -0.0567514043436182 2
X19.24752 0.030050875020146 -0.026197224980278 2
X19.24757 0.023882502658693 -0.005356958778414 2
X19.24758 -0.0621955786112777 0.154891826503722 1
X19.24759 -0.0615150085894859 0.0891251566859356 1
X19.24760 0.0475346252808879 0.0179583328204637 2
X19.24773 0.0789138472684671 0.0978199791985864 2
X19.24774 -0.044883402873069 -0.0546812308693914 1
X19.24775 -0.0205097847515665 -0.0715912424358459 1
X19.24777 -0.170129182331045 -0.00166334996213549 0
X19.24781 0.0656111714302324 -0.0793950196897139 2
