name PC1 PC2 cluster
X19.23182 -0.0706493815022891 0.0554198859850467 0
X19.23183 -0.0552900912552647 0.0682760644510285 0
X19.23184 0.0576251333856894 0.0337721080122474 1
X19.23185 -0.0917901330639197 -0.0538611554382908 0
X19.23186 0.0588205754972646 -0.049040375021758 1
X19.23187 -0.0433249770511754 -0.108706024599002 0
X19.23188 -0.0201336196765465 -0.0206658392855064 0
X19.23189 -0.0933541977020433 -0.129624106867364 0
X19.23190 -0.0605335322288814 0.0921144391629332 0
X19.23191 -0.0127658004389538 -0.000946622434539539 0
X19.23192 -0.0499441627235861 0.0582443330363764 0
X19.23193 -0.0756080660955629 0.0771020176097945 0
X19.23194 -0.077331678400255 0.00964207091867055 0
X19.23195 -0.0672035755090395 0.0240140808426986 0
X19.23196 -0.0086396343361554 0.0829109409913297 0
X19.23197 0.078108753949229 -0.013805988337327 1
X19.23199 0.00364573525692361 -0.12468757406776 1
X19.23200 -0.0710021806934714 0.177999977649178 0
X19.23201 -0.0296255660477995 0.00927753404042446 0
X19.23202 -0.0576925326521475 0.0864309977977185 0
X19.23203 0.0511336982860216 -0.0246072809184931 1
X19.23204 0.0369722352470089 0.0231585027363549 1
X19.23205 0.186170577316511 -0.0247577499272191 2
X19.23207 0.0284122754422293 0.078283175415681 1
X19.23209 -0.0442602522211159 0.0455952838376504 0
X19.23210 -0.0434594406273542 0.0845123241395626 0
X19.23211 -0.0799113635607807 0.038203351715134 0
X19.23245 0.0871099275919303 -0.00643667496528395 1
X19.23246 0.141872761130242 -0.0155200119140237 2
X19.23249 0.185326949845517 -0.121252840493112 2
X19.23251 -0.100638699501559 -0.00958088125478153 0
X19.23283 0.0169560446170842 0.16258415258728 1
X19.23286 0.0182399119124153 0.149881022053744 1
X19.23287 -0.0635019359425237 0.0549300942161372 0
X19.23288 -0.111193973855725 -0.0828822900444098 0
X19.23289 -0.0494221019012081 0.0850522793592195 0
X19.23378 -0.0550184677610624 0.0247950123074366 0
X19.23379 -0.0472733715188647 -0.0130995635923603 0
X19.23381 -0.079524607454394 -0.0624548282528439 0
X19.23402 -0.0615771003110753 -0.0183705774468793 0
X19.23403 -0.0532201373109407 -0.0155183278267251 0
X19.23406 -0.0341118668451687 0.0128046189307543 0
X19.23407 -0.0739206749185052 -0.0335751154539958 0
X19.23408 0.172135385486633 0.0329700595939825 2
X19.23418 -0.0169656453063008 -0.0827391500373299 0
X19.23419 -0.0383336677998089 -0.0472644108603126 0
X19.23425 -0.0252215410659005 0.0984758397533729 0
X19.23429 -0.0285069015311479 -0.0321767854717211 0
X19.23433 -0.0826215948085799 -0.0279840371798697 0
X19.23438 -0.0490637864268421 0.000375141243548481 0
X19.23439 -0.0569835249103766 0.109292082068138 0
X19.23442 -0.0599873859305251 0.131806781135768 0
X19.23444 0.0313750205123855 0.048087032585547 1
X19.23456 -0.101388230182779 0.0530708006310152 0
X19.23472 -0.0532269855602277 0.0016112489535217 0
X19.23473 -0.0548105426683175 -0.0799845984966661 0
X19.23476 0.0736098402093322 -0.118044664621043 1
X19.23477 0.00746016276746131 -0.119596183277139 1
X19.23478 0.0512393270662436 0.0279360068962764 1
X19.23479 -0.0175237164541623 -0.0330563767274063 0
X19.23485 -0.0618995519484811 -0.160388927557187 0
X19.23636 0.0475027579725988 -0.119145110881367 1
X19.23651 -0.0261006704455101 0.078300962499518 0
X19.23652 0.0162272173425615 0.0350358533635562 1
X19.23653 -0.0355426499534901 0.082721810164478 0
X19.23654 0.0483519402326251 0.0663425360572969 1
X19.23658 -0.00958347586552686 0.0530651561998526 0
X19.23659 0.0421564627168091 -0.0143455054167357 1
X19.23660 -0.0933273404468484 -0.107398334717512 0
X19.23702 -0.0522661099314981 0.0499927396523394 0
X19.23703 -0.0771056857279344 0.086493694697115 0
X19.23704 0.0614979460844619 0.0135591313682326 1
X19.23705 -0.0450371290647826 -0.0368457546105668 0
X19.23713 -0.0292013972885738 -0.0620155133502172 0
X19.23715 0.190514075741723 -0.0180877410689461 2
X19.23717 -0.0453807162890834 0.0656108806426177 0
X19.23718 -0.0553063480505399 -0.0365732142308472 0
X19.23719 0.0898766025650905 -0.0849235128300156 1
X19.23722 0.0646567517728898 0.00589857018627559 1
X19.23723 -0.0597523898829742 -0.0301898175938809 0
X19.23764 -0.0215082794302983 0.139970299220143 0
X19.23765 -0.0686191160905042 0.00805300321398296 0
X19.23766 0.169461121273289 0.0450112561598998 2
X19.23768 -0.0691360434362749 -0.0383802082376144 0
X19.23806 -0.0296990121923256 0.0383893404342984 0
X19.23933 0.016223408571849 0.133931774349802 1
X19.23934 -0.0264563969059161 -0.00147983246238073 0
X19.23936 -0.048726059433962 0.0471835738906968 0
X19.23996 0.00591554569317762 -0.085434453619414 1
X19.23997 0.156805923169191 -0.0446571681067534 2
X19.23998 -0.0674210469516324 0.0698787656721898 0
X19.24041 -0.0113052419665073 -0.0819845811459428 0
X19.24046 -0.0438286148364178 -0.031540266290873 0
X19.24068 0.0444907553930544 -0.129972053820192 1
X19.24069 -0.0528612603378108 0.104873308437542 0
X19.24070 0.184876866338686 -0.0114639923350218 2
X19.24078 -0.00281265407722308 -0.109316642617185 1
X19.24079 -0.075855782200248 -0.0823536439382003 0
X19.24080 0.192452909337655 0.0866675629696776 2
X19.24081 -0.0365522591568052 -0.0318966750612464 0
X19.24082 -0.0661071090042885 0.013893889909392 0
X19.24088 -0.04606693184002 -0.092984645485289 0
X19.24089 0.052602937292477 0.0944417059233762 1
X19.24090 -0.0514081489489682 0.0120541333360037 0
X19.24091 -0.0378079864681224 -0.058815473758005 0
X19.24096 -0.0615104335095042 -0.0840064127372611 0
X19.24097 0.0802018886723332 -0.0134227567615083 1
X19.24098 0.0180372854429922 -0.0534823639351887 1
X19.24143 -0.000557799710299551 -0.140351731238934 1
X19.24146 -0.0495868405431984 -0.0541378894145347 0
X19.24147 0.0559909273723847 -0.017340970972598 1
X19.24148 0.19060847592595 0.0301534550937194 2
X19.24149 0.0699785271066949 -0.0115845253380591 1
X19.24150 -0.0452689322645504 -0.10994849245313 0
X19.24151 -0.0967978005803511 0.12906263110759 0
X19.24181 0.0888553424176424 -0.0320415017843196 1
X19.24182 -0.0660424792314285 -0.0780022191911345 0
X19.24183 0.064361038204044 -0.0116797583022323 1
X19.24184 -0.0806268395507479 0.0832060858604204 0
X19.24185 -0.0506257919382013 0.00514432943717158 0
X19.24186 -0.0481753027008831 0.0895821591604017 0
X19.24187 -0.0346769021523396 -0.104495966936865 0
X19.24188 0.021632939838346 0.0360920939095392 1
X19.24191 0.015194534443847 -0.0501749707330893 1
X19.24192 0.0500694960175667 0.0894341250866506 1
X19.24193 -0.0789460749441295 0.023723790116865 0
X19.24239 -0.0670043799512135 -0.106149565688615 0
X19.24240 -0.0971623454854314 -0.121761537518264 0
X19.24404 0.0967289323552975 0.0318424041967139 1
X19.24406 0.167094547232044 0.0970738136377841 2
X19.24407 -0.0472261209786483 -0.0705769557040117 0
X19.24413 0.0457101960141377 0.0901752485605457 1
X19.24424 -0.103457221765391 -0.118912522914108 0
X19.24426 0.166277122744909 -0.0391247119873997 2
X19.24429 -0.016401022630146 -0.0327007392807613 0
X19.24443 0.0476297321879733 0.163440199674755 1
X19.24445 -0.0245394682226244 0.00246650645575845 0
X19.24446 0.0682986200668184 -0.091062531944883 1
X19.24447 -0.0275461152009039 -0.0831111626280717 0
X19.24449 -0.0465258634071184 0.0182029625996135 0
X19.24450 0.0453448907859127 0.143890020218584 1
X19.24452 -0.0264612426660501 0.00877278260379483 0
X19.24453 -0.0162787666505139 -0.0330222971323533 0
X19.24454 -0.0520758220219291 0.0196987361122584 0
X19.24477 0.0318288763960769 -0.019586790367202 1
X19.24485 0.080725677272646 -0.0261771209722068 1
X19.24675 -0.0360304766887319 0.0149316434206064 0
X19.24682 0.00776002289076119 0.0927728338763926 1
X19.24683 0.0207149762329582 0.0298076592800948 1
X19.24685 0.177115508133146 -0.0684024770235714 2
X19.24686 -0.0780137725532487 -0.0769771244289496 0
X19.24687 -0.0175567217010372 -0.00977254960542014 0
X19.24688 -0.0495120963081686 0.0133153196030869 0
X19.24689 0.182210805353382 -0.0337495831109703 2
X19.24690 0.0425502504739399 0.108669092958091 1
X19.24691 -0.0592563318711948 -0.0312898844893626 0
X19.24693 -0.0199486009070125 -0.107447401716056 0
X19.24694 0.185399846567296 -0.0158501669458192 2
X19.24696 0.0482269077375707 0.0587622225152013 1
X19.24697 0.0486183674779858 -0.134225121265174 1
X19.24741 0.178580097202925 0.0710821437077979 2
X19.24742 0.0127492339676199 0.143246362735795 1
X19.24743 0.0254070655924067 0.0879399270457455 1
X19.24744 0.0201668487421708 0.0793358802045797 1
X19.24745 -0.0680401946859269 -0.0943896762659807 0
X19.24747 -0.00187576147197416 0.107605145280057 1
X19.24748 -0.0632433134272561 0.0109194335637047 0
X19.24749 0.151663956969402 -0.133267001160934 2
X19.24750 0.0512035781920298 0.0841016715039588 1
X19.24752 0.0127278478713325 -0.0808454295749467 1
X19.24757 0.00590645805517726 -0.00701819783351754 1
X19.24758 -0.0451896493060507 0.114839226306629 0
X19.24759 0.0100525359083739 0.0072530133505654 1
X19.24760 -0.0181784003334856 -0.00823250376623191 0
X19.24773 0.0197003076531414 -0.113856684948463 1
X19.24774 -0.0434757960613239 -0.015048642361001 0
X19.24775 -0.0147819693225973 0.00604133193198902 0
X19.24777 0.0212674334488791 -0.0174490100434555 1
X19.24781 0.0694100686821397 -0.0714734056971763 1
