tag tag.pos Fstp
12204 197 -0.0066
51724 75 0.0021
62299 111 -0.0046
22302 369 0.0019
54218 8 -0.0023
49211 286 0.0015
2877 125 -0.0081
3417 282 -0.0052
48366 51 -0.0108
69767 357 -0.0055
4685 352 -0.0123
70071 302 0.0067
65001 142 -0.0035
28005 269 4e-04
44883 56 -0.0043
55894 233 0.0234
54481 264 -0.0028
66736 110 -0.008
48413 255 0.01
14275 386 -0.007
86591 144 0.0045
8157 247 0.001
11274 176 0.0053
37333 353 -0.0108
6585 216 0.0038
21381 169 -9e-04
63495 359 0.0098
74621 186 -9e-04
72639 65 -0.0064
61968 253 -0.0134
32373 279 -0.0081
30026 317 -0.0014
4971 323 -0.0065
94429 233 0.0086
80769 264 -0.0026
11656 263 -0.0088
36667 86 -0.0038
45255 156 0.0173
64853 321 0.0032
60108 268 0.0146
7624 382 -0.0032
12135 152 -0.0064
74232 53 0.0276
34374 275 0.0264
74168 76 0.0039
55519 145 -0.0071
25478 83 0.0012
45390 12 -0.0038
78259 262 -0.0021
78501 287 -0.0031
41220 295 -0.0102
26844 353 0.0098
24850 182 0.0089
36744 177 0.0081
39665 251 -0.0096
67677 14 -6e-04
5941 71 0.0098
13698 176 0.0076
45123 274 -0.0072
68998 294 0.013
69845 204 0.0279
29656 394 -0.0086
5826 244 0.0038
8623 172 -0.0016
25923 354 0.0087
39013 290 -0.003
73382 200 0.0046
28175 53 -0.0077
29284 212 -0.0032
66987 336 0.0099
48466 341 0.0159
43735 222 0.0016
75363 241 0.0093
24717 119 -0.0069
2642 100 -0.0036
31056 358 -0.0025
2706 121 0.0086
16858 354 -0.0095
60504 366 -3e-04
25068 122 0.0032
73893 35 0.0152
62850 176 -0.0049
80060 248 -0.0066
79123 43 0.0096
2440 281 -0.008
32303 13 -0.0016
68070 296 -0.0046
5796 301 0.0057
66834 155 -0.0024
36735 21 0.0174
67852 137 -0.0136
41943 97 0.0171
39579 157 3e-04
74801 171 -0.0044
11109 210 0.0136
58115 171 -0.0107
69426 46 0.0111
56801 105 -0.0064
28374 58 0.0144
53884 329 -0.001
61326 276 0.0013
13254 64 0.0191
4983 254 -0.0057
62005 121 -0.0058
21595 165 -0.0078
15242 11 -0.0115
106729 272 0.0365
5839 284 -0.0051
40363 53 0.0054
47587 226 0.0156
73121 62 0.0017
74064 67 -0.0022
65451 369 -0.0108
58803 85 -0.0031
22431 244 0.0015
56184 157 -0.0111
18090 232 -0.005
56761 177 0.0015
123759 66 -0.0035
62123 209 -0.0033
121403 307 -0.0011
56317 290 0.0426
5845 254 0.0147
61399 164 0.014
27014 281 -0.0061
30251 222 -0.007
66180 291 0.0342
71021 330 0.0178
87177 156 0.0135
41584 274 -0.0051
65906 50 0.0182
28264 87 0.0228
66041 274 0.0012
47337 231 0.0072
50504 337 0.0065
62083 214 -0.004
40893 231 0.0038
53158 76 0.018
1818 220 -0.0048
65645 118 -0.0017
60213 274 0.0359
6526 156 -8e-04
8538 21 -0.0116
78972 285 0.0095
67446 183 0.0473
69675 239 0.0358
30043 46 0.0265
71543 296 -0.0083
79121 281 6e-04
75541 44 -0.01
69430 135 0.0073
70773 363 0.0122
17913 16 0.017
29174 165 0.0063
69832 110 -0.0095
8405 34 -0.0032
64827 129 -0.006
76396 182 -0.003
6754 297 -0.0026
18145 258 0.0077
6248 89 -1e-04
65774 195 0.0067
8062 348 -4e-04
2481 390 0.0303
22619 101 -0.0069
49135 132 0.0019
2157 195 -0.0042
1212 44 0.0175
16989 74 0.0159
21779 230 0.0076
71693 38 0.006
4976 298 0.0032
8860 252 0.0149
38063 240 -0.0072
35836 38 0.0177
74384 15 0.0163
74425 340 -0.004
71581 267 -0.0051
54838 329 9e-04
77552 57 -0.0061
41957 127 -0.0034
46721 343 -0.0085
27748 44 0.0038
4596 11 0.0237
7164 56 -0.0103
56647 220 -0.0113
8762 98 -0.0083
50429 280 -0.0066
64685 370 0.0029
75214 232 -0.0078
50618 397 -0.01
45818 59 -0.0068
2013 229 0.0054
44539 373 0.023
66012 333 0.026
80971 189 0.0022
65903 332 0.0023
7273 23 -0.0018
4852 120 -0.0079
34648 220 -0.0057
43585 356 0.0206
8 141 -0.0095
80724 309 0.0012
41803 110 0.0019
65975 203 -0.0024
40119 347 0.0042
22561 110 0.0159
17511 181 0.0167
70863 98 -0.0095
19587 263 -0.0045
28485 94 -9e-04
51471 78 -0.0056
76018 301 5e-04
7872 181 0.0135
39567 190 0.0064
79318 327 -0.0202
57077 217 0.0207
2289 268 0.0268
54518 56 0.0089
12146 225 0.0192
25393 183 4e-04
43434 118 0.0151
44988 324 0.0077
55272 185 -0.0099
29592 56 -0.01
11733 170 -0.0182
8706 100 -0.0122
27815 157 0.0108
118954 13 0.0052
11990 359 0.0071
72047 345 0.0022
2315 184 -0.009
23583 321 0.0241
57708 35 0.0065
44944 83 0.0179
4306 67 -0.0034
36312 173 -0.0099
18632 58 0.0165
26508 47 -0.0068
22535 221 -0.0023
65436 257 -0.0059
78790 317 -0.0111
3685 75 -0.011
26801 267 1e-04
46955 174 -8e-04
70499 242 -0.0034
27560 25 -0.01
13137 310 4e-04
33781 205 -0.0073
48618 294 0.0086
2092 231 -0.0024
27597 76 -0.0039
22526 157 0.0095
77046 90 0.0142
30727 178 0.017
43563 256 -0.0117
7727 284 -0.0109
14185 19 0.012
46856 194 0.007
55888 269 -0.0127
73537 219 -0.0109
27155 131 -0.0094
78296 272 0.0087
19430 271 -0.009
65140 145 -0.0079
73739 228 -0.0045
40595 79 -0.0072
1899 36 -0.002
27075 197 1e-04
64292 342 0.0311
68591 87 0.0018
67606 209 -0.0053
74310 144 0.0094
36893 237 -0.0058
10761 67 -0.0045
2623 152 -0.0032
23205 299 0.0246
22867 102 0.0082
195946 157 -0.0107
52618 334 -0.0067
51472 202 -0.0049
80153 32 -0.0069
40587 318 0.003
57124 210 0.0101
3577 74 -0.0087
63115 390 -1e-04
58737 197 0.0014
42657 27 -0.009
60794 105 -0.0049
60628 110 -0.0033
21147 318 0.0169
61301 32 0.0103
40002 33 0.0087
78089 30 -0.0043
16009 296 -0.0017
59577 378 0.0316
71355 168 -8e-04
57541 31 0.0118
47405 291 -0.0022
45150 312 -0.0055
41588 134 0.0103
6186 309 0.0099
7111 91 -0.0068
7672 220 -0.0071
81627 159 -0.0058
75276 156 0.006
29269 344 0.0104
11333 225 -0.0011
45694 159 -0.0026
18783 108 -0.0101
2511 308 0.0311
66404 72 0.0059
41999 289 -0.0117
24093 224 0.0178
17277 206 -0.0113
16885 78 0.009
15488 76 0.0052
37831 234 0.0044
1861 130 0.0153
77598 259 -0.0054
56156 258 0.0223
42552 174 0.0085
44620 330 0.0182
23667 380 -7e-04
36906 18 -0.0145
7529 41 -0.004
18970 386 0.0065
22193 328 0.0157
35495 343 -0.0128
13809 97 -0.0018
32611 237 0.0082
28547 191 -0.0115
47642 175 -0.0048
49527 46 0.0033
23917 337 -5e-04
59763 233 -0.0122
45226 199 0.0106
10621 145 -0.0055
13188 334 -0.005
29017 136 -0.0025
7781 378 0.0065
17999 262 0.0053
62533 92 0.0015
72175 155 -0.0048
46924 23 -0.0114
22204 340 -0.008
34117 238 0.0179
39766 227 4e-04
20408 393 -0.0049
49987 331 0.0062
66569 326 0.0324
27902 267 0.0054
13387 180 -0.0091
58847 117 -0.0085
52746 101 0.0071
8952 174 -0.0122
30493 229 -0.0025
20275 108 0.0032
35028 202 0.0082
20411 242 -0.0083
42544 116 0.0036
57050 126 0.0088
12804 30 -0.0067
18641 150 -4e-04
14039 179 0.0027
28226 214 0.015
6210 44 0.0457
67357 70 0.003
47956 265 -0.0049
27250 246 -0.0079
35184 216 0.0183
35931 70 0.0155
55721 53 0.0015
80799 79 6e-04
47545 168 -0.0062
7296 331 -0.01
7385 220 -0.0098
36502 255 0.0054
59792 301 0.0065
28751 169 -5e-04
54693 193 0.0032
38329 7 -0.0122
62520 316 -0.0016
2763 69 -0.0075
40534 131 0.0074
79346 160 0.0084
61455 69 0.0066
72083 384 0.0236
35786 25 5e-04
47658 86 -0.0017
62145 79 -0.0089
50421 50 -0.0046
33136 273 -4e-04
503 292 -0.0044
21932 269 -0.0031
24865 267 -0.0016
78580 387 5e-04
63475 12 -0.0128
62760 389 -0.0027
28139 324 0.0171
68586 323 0.0018
30669 269 -0.0031
66688 175 -0.0064
74108 366 0.0043
65375 312 0.0029
29239 13 -0.0069
40787 48 0
28177 274 -0.0078
13717 379 0.0046
74596 196 -0.0067
53281 224 0.0452
92050 28 0.0076
17454 236 -0.0064
67625 171 -0.0067
11512 288 -0.0021
120654 322 -0.0115
68416 240 -0.0038
62166 352 -7e-04
54423 256 0.001
59403 170 0.007
9276 273 0.01
68359 351 -0.008
51220 353 0.0012
62390 43 -0.01
16378 148 0.0094
27837 214 0.0088
21771 115 0.0061
39298 195 -0.0082
31957 8 0.0041
7677 36 -9e-04
45526 351 0.02
64693 247 -0.0068
2284 131 0.013
22934 314 -0.0079
58919 93 -3e-04
56904 84 -0.0049
53579 251 0.0079
24309 119 0.009
50835 52 0.0199
54958 366 0.011
32190 227 -0.0096
77631 284 0.0082
22967 383 0.0067
8950 258 -0.0109
41486 79 0.0057
35515 36 -7e-04
53538 269 -0.0123
81524 115 0.0047
6866 273 -0.0031
77781 34 0.0026
67805 286 -0.0086
21244 307 0.0396
70286 16 -0.001
55271 116 -0.0038
6722 127 0.014
66196 165 7e-04
38082 210 -0.0151
66853 199 0.006
18006 223 -0.0112
32198 122 -0.0054
21148 243 -0.0051
7477 368 0.0082
8536 322 0.0018
37534 211 -0.0092
57816 90 -0.0167
302 253 8e-04
68859 77 0.0066
75974 312 0.0168
56744 156 -0.0057
14672 238 0.0042
13937 262 0.0015
66631 326 0.0114
1365 44 -0.0014
76139 380 -0.0062
76061 327 0.0338
39695 41 -0.006
56143 161 -0.0041
41222 58 0.001
57523 189 0.0012
45849 42 -0.006
65362 321 0.0078
3125 376 -0.0124
78415 361 -0.0078
60145 120 -0.0039
55347 264 -0.0196
53419 41 0.0046
71208 271 0.0114
70748 123 -0.0018
3200 322 -0.0089
18214 309 0.0079
13966 295 -8e-04
10266 161 0.0101
40818 118 0.0051
48781 12 0.0161
49982 159 -0.006
72082 84 0.0381
64428 334 -0.0027
21795 330 0.0178
2424 261 0
7088 195 -0.0078
43670 32 0.0141
57870 300 -4e-04
25119 83 0.0038
19203 356 -0.006
56828 217 0.0067
51307 281 0.0051
74463 291 0.0341
4031 41 0.0086
14317 332 -0.0029
6420 149 0
50249 306 0.0028
18509 244 -0.0044
60745 164 -0.0084
1306 335 -0.0024
37422 262 -0.0027
60227 216 0.0339
17050 33 0.0095
47254 102 -0.0088
33630 175 -0.0029
8121 162 0.0053
71736 92 0.0047
56640 358 0.002
5312 319 -0.0072
15997 340 -0.0073
53602 289 -0.0102
45172 279 0.0297
73612 349 -0.0027
52826 322 -0.0072
8167 274 -0.0037
4200 115 0.0056
76280 253 -0.0116
50817 78 0.0073
39015 272 -0.0035
22587 333 -5e-04
63602 259 0.0062
14816 217 -0.0073
83857 396 -0.0012
64503 150 0.002
689 358 0.0082
26160 272 -0.0071
78235 44 1e-04
58817 236 -0.007
29899 413 -0.0083
62481 260 0.0147
11089 351 0.036
17679 123 -0.0068
34494 224 -0.0033
43639 126 0.0065
2324 48 0.0025
10613 74 0.0024
66752 22 0.0023
1445 145 -0.0092
58033 376 -0.0028
74219 326 -0.0117
69973 114 0.0157
57492 60 -0.0127
23531 361 -0.0035
65326 372 -3e-04
3594 276 0.0018
23783 266 0.0092
42286 306 -0.0089
24892 296 0.0276
69364 306 0.0014
80816 254 0.0518
66238 322 0.0026
77168 156 -0.0061
33738 7 0.0154
54076 165 0.013
73060 56 -0.0084
30021 153 0.0116
63907 260 -0.0063
64446 311 0.0244
68133 237 0.0146
6911 193 0.0121
64642 295 0.0071
4779 254 0.0022
27230 303 -0.0067
28975 248 0.0115
17088 351 0.0037
69516 59 0.0147
76329 123 -1e-04
3756 311 -0.0141
56905 211 -0.0104
68774 173 -0.0027
26554 314 -0.0125
9319 51 -0.0072
26191 357 -0.0136
66453 285 0
18708 162 0.0397
54490 104 0.0077
37848 157 -0.0135
24460 127 -0.003
9307 286 0.0063
11562 77 0.0175
48621 112 -0.0063
33213 54 0.002
55348 354 0.003
68799 25 0.013
36044 230 8e-04
34682 388 -0.0065
30462 160 0.0191
68904 353 -0.0107
51476 55 0.0174
81917 134 -0.0024
13157 55 0.0074
80630 351 -0.0029
72206 7 0.0064
68320 345 0.001
58562 339 0.004
50212 97 0.0261
29648 390 -0.0019
412 239 -0.0064
44693 157 -0.005
14037 133 0.0039
37321 313 -0.009
55609 335 -0.0034
1277 60 0.0016
22939 204 0.002
39312 315 -0.0098
77454 260 -0.004
4078 235 -0.0044
26482 60 0.0026
61892 77 -0.0056
1307 280 -0.0037
65104 354 0.0034
11173 285 -0.0041
51000 74 -0.0076
55079 288 0.0252
36644 16 8e-04
16923 219 -0.002
22698 186 0.002
76320 255 0.0024
16290 29 -0.0227
77620 276 -0.0077
9916 236 -0.001
81272 338 -0.0083
3922 242 0.0217
52499 387 -0.0105
16624 293 -0.0054
52580 32 -0.0045
36357 32 -0.0034
112830 254 -0.0022
31238 191 -0.0048
28152 230 -0.0049
68141 359 -0.0052
63876 168 -0.0087
53689 276 -0.0031
81759 308 0.0115
41663 321 -0.011
25734 342 0.0054
43858 93 -0.0055
76661 389 5e-04
73605 79 -0.0085
57939 250 -0.0135
66739 308 0.0185
65967 101 8e-04
78603 14 -0.0102
37993 225 -0.0047
61733 66 -0.0036
57798 181 -0.0064
53870 210 0.0141
80133 105 -0.0095
19642 169 -0.0115
79283 298 9e-04
36279 12 0.0029
66090 206 -0.0047
12908 291 -0.0143
26880 151 0.0038
68667 273 0.0088
18817 82 0.0123
58561 155 0.017
67708 96 0.0033
50450 143 0.0074
79175 232 -4e-04
7277 306 -0.0075
49049 86 0
30070 261 0.0123
19725 10 0.0055
44556 298 -0.0078
59682 348 0.007
70687 187 -0.0084
51819 233 0.0057
33939 356 0.0077
46395 184 0.0262
49251 68 0.0016
95377 176 0.0258
68214 142 0.0181
28347 66 0.013
55823 28 0.0035
20865 96 0.0274
74061 172 -0.0031
69151 131 -0.0069
71675 205 0.0404
38844 258 0.0244
27152 161 -0.0036
72026 89 6e-04
51417 227 0.0034
64439 340 1e-04
79590 311 -0.0092
17787 323 0.0235
79877 323 0.0171
60878 347 -0.0059
61729 268 -0.0024
65431 202 -0.0099
7965 188 -5e-04
70072 335 -0.012
24759 244 -1e-04
24270 93 0.0021
92105 128 0.0115
31352 284 0.0025
79959 55 0.0012
76059 279 0.0057
29606 166 -0.0093
39848 56 0.0044
19875 166 -0.0067
28084 7 -0.0015
72766 155 -0.0079
61887 200 -0.0103
59535 9 -0.0064
57048 137 -0.0056
19682 253 -0.0085
49620 325 0.0225
20703 339 -0.0089
29383 278 -0.0034
71333 153 -0.0113
73534 254 -0.0173
63460 404 -0.0017
12553 163 -0.0081
36482 178 -0.0096
40192 279 -0.0082
41869 313 -0.0121
60553 168 -0.0038
56179 82 -0.0022
45060 330 -0.0122
70882 107 0.0285
56821 158 1e-04
74972 382 0.0019
15796 66 -0.0072
3690 301 -0.0013
1442 16 -0.0036
44379 362 -8e-04
81739 202 0.0105
12845 303 0.0016
6077 210 -0.0173
31214 281 0.018
6213 363 -0.0078
64308 268 0.0061
41245 294 0.0268
9904 310 -0.0081
925 245 0.0349
91379 255 5e-04
62106 211 0.0083
79867 80 -3e-04
16086 215 0.0116
60087 86 0.0049
60669 273 -0.0085
81105 66 -0.005
39254 188 -0.0025
17527 212 0.0026
35767 175 0.0015
18551 91 0.0148
64733 330 -0.0039
63954 108 0.0031
22647 153 0.0312
27731 66 0.0015
65407 227 -0.0051
23789 326 -0.0071
57946 122 -0.0019
76461 182 -0.0097
3538 244 0.0134
65102 192 -0.0067
2671 296 0.0032
40962 116 -0.0102
57768 111 -0.0091
63520 261 -0.0106
50307 202 -0.011
36757 97 -0.009
16436 197 0.0083
77664 173 0.0059
70459 48 -0.0061
64211 169 -0.0061
52452 269 -6e-04
26719 93 -0.0096
64076 273 0.0127
20784 239 0.003
27460 233 -0.0106
11218 369 -0.0088
27857 275 0.0025
67500 229 0.0095
56474 60 -0.006
75611 96 -0.0012
38872 110 -0.0081
49339 231 -0.005
12731 32 -0.0055
7836 262 0.013
12582 410 -0.0041
137642 308 0.0011
68041 324 -0.0056
57839 289 0.0604
2425 66 -0.0051
12059 213 -0.0061
9310 142 -0.0033
14995 95 0.0011
60744 57 0.0079
5897 177 0.0228
61736 352 -0.0034
12152 336 -6e-04
37184 348 -0.0022
17263 197 0.0096
67216 284 -0.0122
76130 351 0.0056
22806 192 -0.0026
33482 105 0.0514
28156 348 0.017
66900 254 -0.0091
52235 201 -0.0049
68966 19 0.0053
4373 200 0.0042
110147 143 0.0067
70208 243 8e-04
6140 46 -0.01
47389 41 0.0215
31993 257 -0.0044
57803 279 -0.0031
71378 187 0.004
73023 313 0.0195
71613 269 0.0027
49898 322 0.0136
55232 9 -0.0077
49065 228 0.0153
1007 350 -0.0032
60192 196 0.0105
27039 217 -0.0048
7028 292 0.0067
43840 55 -7e-04
41146 39 -0.0053
26154 232 0.0013
3923 267 -7e-04
16017 57 0.0155
79157 15 -0.0066
56635 318 0.0068
58213 300 0.0156
37653 130 0.0243
77423 40 0.0029
66613 40 0.0159
7420 250 0.0067
53444 289 -0.0017
63832 263 -0.0081
30676 185 4e-04
60867 341 -0.0091
71597 314 0.0011
64323 237 -0.0109
133 60 -0.0058
45717 60 0.0051
74936 177 -0.0081
38145 72 -0.0085
58042 166 -0.0067
70300 143 0.004
28786 35 0.0026
58467 191 0.0043
27378 141 0.0074
69962 287 -0.0026
68363 175 0.0018
23123 113 0.0049
41476 105 0.0117
66585 189 -0.0105
81949 260 0.0014
23932 48 -0.0113
29814 253 -0.0063
45443 299 -0.0097
72843 230 -0.0049
5581 317 -0.0077
62582 155 -0.0089
56157 336 0.0121
80582 115 -0.0028
9608 31 0.0033
49351 65 -0.0052
32077 220 -0.0129
81054 134 0.0013
67920 262 0.0193
44228 255 -0.0017
81576 343 0.0099
60522 114 -0.0127
43066 120 0.0178
6128 307 -0.0028
3230 184 -0.0015
31402 311 0.019
78383 258 -0.0043
57276 13 0.0036
46590 158 -0.0091
32444 265 -0.0015
33651 218 -0.0124
76739 23 -0.0067
53799 224 0.0022
48723 42 0.012
63502 236 -0.0033
73577 151 -0.0104
75456 365 -0.0052
59409 305 0.0084
52859 66 -0.0069
14631 123 0.0052
60736 129 0.0035
63324 132 0.0055
65438 191 0.0077
2696 23 0.0086
7614 290 0.003
11644 219 -0.0122
6397 122 0.0045
49569 336 0.0079
37224 153 -0.0076
6915 383 0.0194
8412 252 -0.0079
45626 222 -0.0079
54533 274 0.0096
56884 174 0.0148
54477 159 0.0063
80496 289 -0.0063
32855 317 0.0152
17758 119 -0.0104
38895 68 0.0083
35398 37 -0.0075
59088 160 -0.0051
56363 90 0.003
71933 142 -0.0044
54105 77 -0.0046
2982 400 0.0296
52649 141 -0.003
67190 153 -7e-04
74724 191 -0.0025
44107 318 -0.0107
80374 194 -0.01
60998 32 -0.0057
55391 37 0.001
26765 143 -0.0049
64310 168 -0.007
2291 30 0.0041
26609 187 -0.0016
34292 121 -0.0094
47314 200 -0.0069
9129 216 0.0122
43107 315 0.0013
69229 52 -0.0062
48500 202 0.0171
66441 237 -0.0063
71889 269 -0.0058
78565 63 -0.0062
8116 192 8e-04
22005 284 -0.0135
105401 210 -0.0061
43972 335 0.0187
78363 304 0.002
17983 345 -0.0043
39803 176 0.0026
71429 46 -0.0076
73227 157 0.0034
33723 174 0.0019
17302 361 -0.0161
8228 203 -0.008
57020 289 0.0047
64316 223 -0.0027
21219 41 0.0148
70585 386 -0.0019
81027 300 -0.0114
5747 248 0.0043
106713 92 -0.0062
81383 214 0.0037
884 150 0.0042
78314 14 0.0174
5453 234 -0.0015
10962 304 0.0201
59549 269 0.0013
59847 313 0.0326
26772 35 -9e-04
15522 280 -0.0067
27084 201 -0.0016
75843 51 -0.0045
50097 54 0.0028
12678 9 -0.0062
8649 174 -0.007
52699 285 0.0071
47051 95 -0.0025
77012 114 -0.0013
24109 308 0.0151
65207 320 -0.0032
59669 114 -0.0032
49582 212 0.0046
11947 322 0.0015
60806 105 -2e-04
64068 123 1e-04
63957 347 -1e-04
14108 81 -0.0068
16765 342 -0.0109
64280 218 0.0086
26522 15 0.0043
116604 195 -0.0044
57515 316 -0.0041
44235 74 0.0011
48362 226 -0.0141
10896 150 -0.0081
46485 199 4e-04
27742 161 0.0071
24974 72 0.0075
74899 319 -0.0033
23876 265 0.0143
22809 75 0.0198
55577 275 8e-04
57129 57 0.0291
39450 85 -2e-04
75525 238 -0.0049
61876 221 3e-04
7528 382 -0.0076
4540 132 0.0036
36903 197 -0.0092
44949 65 0.003
22386 39 0.0157
65736 359 -0.0013
52681 202 -0.0074
67364 309 -0.0035
24666 253 0.0214
20225 60 0.0033
58503 301 0.0142
18740 220 0.008
2486 38 -0.0066
55714 10 -1e-04
64856 154 0.0172
21014 12 -0.0089
22128 361 -5e-04
13645 137 -0.0055
14250 284 0.0111
71703 83 0.0288
13913 151 -0.009
13479 191 0.0108
61638 174 -0.0117
14862 373 -0.0115
14436 233 -9e-04
65005 184 0.0095
37232 286 -0.0034
35805 104 6e-04
10585 255 -0.0079
28493 175 0.0014
63965 45 -0.0056
16444 264 0.0093
73166 226 0.0072
81408 272 -0.0042
118539 171 0.0112
74360 222 -0.0026
38850 374 -0.0069
17521 207 -0.004
79766 55 -0.0033
45836 156 0.0037
74868 222 -5e-04
61062 84 -0.0023
66659 373 0.0253
76449 185 0.0071
40407 65 0.0061
66923 164 0.0314
9931 340 0.0037
57995 385 -0.0061
300 261 3e-04
49197 250 -0.0011
77180 154 -0.0038
42873 286 0.0278
16015 292 6e-04
22081 324 0.0116
48114 203 -0.0033
36537 68 -3e-04
5823 31 -9e-04
74507 143 -0.0111
63916 216 0.0015
50490 134 0.0029
973 115 0.006
41484 169 -7e-04
41899 316 -0.0043
26587 337 -0.0012
791 166 0.0014
24526 38 -5e-04
37008 264 -0.0115
49020 293 0.0014
21700 290 -0.0083
14444 245 -0.0048
49016 323 -0.0168
61815 173 0.003
24805 278 -0.0054
39042 161 -5e-04
76695 135 -0.0024
62428 134 -0.0059
10021 90 -0.0094
14485 133 -0.0064
46469 363 -0.0027
57041 237 3e-04
12393 97 -0.0099
37233 170 0.0059
72605 159 -0.004
75673 202 0.0023
68054 230 -0.0082
39867 350 0.0154
37228 356 -0.0151
24404 243 0.0139
59262 245 -0.0012
60556 165 -0.007
72144 197 0.0062
1469 230 0.0052
64720 81 -0.0067
32089 36 -0.0023
30720 12 -0.0124
48730 66 0.0047
37675 132 -0.0076
24119 330 0.0062
39267 264 -0.0015
74237 160 -0.0041
76099 289 0.0191
29354 10 0.0252
53251 24 0.0054
4671 205 -0.0059
33609 76 -0.0025
6838 203 0.0024
54616 407 0.0047
65241 112 -0.0018
74563 245 -0.0034
46229 408 0.03
57915 137 -0.0081
17029 98 0.017
19200 330 -0.0056
2133 69 0.0102
11817 134 -0.0101
36548 120 -0.0085
53480 270 -0.0105
58898 248 -0.0114
16320 68 0.0334
67097 331 0.001
23930 380 -0.0113
70990 278 0.0354
69326 244 0.0194
47568 95 -0.0098
57507 186 -0.0062
47341 320 -0.0064
32890 293 -0.0022
5440 73 0.0017
9747 212 -0.0046
26635 18 0.008
58581 233 0.0241
54086 160 0.0047
85668 245 -0.0062
87207 372 0.0075
48783 116 -0.0017
63835 9 -8e-04
13234 182 -0.001
74703 214 -0.0018
58195 186 -0.0076
18821 291 0.016
54692 7 0.013
42818 44 -0.0026
77712 186 0.0015
81181 16 -0.0042
40325 227 0.0087
20319 94 0.0149
50359 200 -0.0159
16686 238 -0.0026
38160 115 0.038
15102 300 0.0042
9897 144 -0.0152
52950 167 0.0155
6545 153 -0.0015
26517 261 0.0072
63865 27 3e-04
37805 319 -0.0125
22105 263 -0.0063
26751 256 -0.0148
38284 167 0.0012
79733 91 0.0168
39320 91 9e-04
5694 367 0.0127
79688 154 0.0062
78348 338 0.0357
74950 54 0.0111
46472 199 -0.0104
16393 144 -0.0036
21466 111 -0.0129
20274 95 0.0018
38151 67 -0.0088
57341 158 0.0017
65246 250 0.0183
67163 304 0.0061
68693 295 -0.0083
59676 216 0.0018
75325 120 0.002
44072 46 0.0051
26953 152 0.0128
37832 154 0.0219
64540 179 0.0087
8813 55 0.0122
72192 167 -7e-04
55674 125 -0.008
3144 27 -0.0064
5760 134 0.0168
2484 166 -0.0059
6598 308 -0.0047
66429 106 0.0161
35741 162 -0.0016
400 339 0.0047
19202 259 -0.0048
17423 171 0.0019
33897 263 -0.0015
34027 260 -0.0029
75015 325 0.008
6876 275 -0.0079
18170 250 -0.0046
20874 122 -0.0057
65519 386 0
81823 73 0.011
53899 46 -0.006
74514 131 0.0091
47226 36 0.001
65542 357 0.0039
9381 294 0.0142
12914 312 -0.0061
49887 27 0.0349
76161 312 -0.008
480 67 -0.0032
71515 249 -0.0013
44244 54 0.0054
23430 344 -3e-04
76221 51 -0.0093
43926 24 0
22273 194 -0.0034
60954 390 0.0256
23230 87 0.0118
68152 159 0.001
98718 29 -0.0124
35310 150 0.0084
38656 25 -0.011
12888 277 -0.0115
35703 179 0.0104
49713 192 -6e-04
4466 172 -0.0033
20307 295 -0.0122
40646 228 9e-04
19478 344 -0.0104
49942 252 -0.0114
79003 261 -0.0095
28318 227 0.0043
58588 156 0.0051
59276 245 0.0067
75116 107 -0.0043
13307 99 -8e-04
75978 170 0.0376
59905 162 0.0094
72135 316 -0.0037
60532 233 -0.008
61375 251 0.0044
27558 105 0.0023
7237 173 -0.0115
9288 353 -9e-04
27384 335 0.0293
76958 334 0.0112
9052 232 0.0064
7463 400 -0.0018
22579 170 -0.0118
593 360 0.0183
33438 268 -0.0072
33294 206 -0.004
48776 159 0.0249
31773 211 -0.0055
40803 325 8e-04
20678 198 0.002
68139 371 0.0132
74475 263 0.0018
9025 53 0.0405
66690 298 0.0165
49454 312 -8e-04
40415 273 0.004
28552 170 0.0069
26437 384 -0.005
28291 133 0.0024
45920 202 -0.0013
67665 271 -2e-04
703 338 0.0053
24701 330 0.0017
77544 86 -0.0019
13767 124 -0.008
66337 251 -0.0077
22368 376 0.0043
10257 82 -2e-04
78040 339 0.016
44133 325 0.0037
29789 182 -0.0026
64838 142 0.0096
45926 367 -0.0069
37183 237 0.0392
7819 269 0.0013
31986 317 0.0172
8060 400 -0.0059
45499 136 0.005
56791 368 -0.0161
60353 280 -0.0129
34256 144 -0.0092
53502 293 -0.0034
28158 273 -0.0022
61161 272 0.0035
39124 237 -0.0072
1013 61 0.0099
40680 183 -0.0028
101026 33 0.011
84524 194 -0.012
45447 143 -0.0063
73303 278 0.0039
13658 332 -0.0057
36761 39 -0.0105
6012 191 0.0197
3824 353 0.0055
31341 234 -0.0069
76990 77 -0.0047
40859 303 0.0172
61877 283 0.0012
60967 283 -0.0024
16818 279 0.0145
5625 159 0.0475
18022 198 -0.0024
4984 109 0.004
53626 279 -0.0076
60274 41 0.0106
63251 200 -0.0079
12949 133 -0.0038
47880 39 -0.0067
62650 145 -0.0013
79950 79 -0.006
43917 113 -0.0116
73681 66 4e-04
12627 373 0.0054
26877 27 0.0039
19375 168 0.0088
55942 120 -0.0058
39668 56 -0.004
10203 237 -0.0035
81085 361 0.01
74812 202 0.007
72053 242 0.0041
19320 195 -0.0074
65366 258 0.0066
58690 357 0.0087
1620 223 -0.0016
76448 212 -0.0125
1014 58 0.0305
6759 198 0.0077
31615 117 0.0076
20412 225 0.0086
18620 120 0.0161
38152 80 0.0014
18625 190 0.0066
2260 36 0.0301
36204 180 0.0164
28671 25 -0.0023
17767 233 0.0062
15415 165 0.0052
62327 163 -9e-04
78263 29 -0.0109
28332 166 -0.0109
50588 230 0.0144
16532 252 -0.0045
79743 75 0.0434
50866 268 -0.0048
67428 286 0.0043
72275 154 0.0133
32672 224 0.012
192 66 -0.0087
31251 164 0.0035
40790 164 0.0042
62254 205 0.0119
55647 36 -7e-04
1987 66 -0.0058
54396 160 0.0138
7869 304 -0.0079
21985 198 0.0085
15674 100 0.0056
60759 203 0.0011
56387 264 0.0019
40570 63 0.0028
40233 191 0.0028
70080 31 -0.0096
78636 251 0.02
53855 185 0.0474
29508 74 0.0193
994 227 0.0081
36084 187 -5e-04
51682 53 -0.001
78747 276 -0.0012
118217 246 -0.0014
1194 363 -0.0045
35134 292 0.0162
32471 205 0.01
19417 30 -0.0017
755 275 0.015
62967 200 -0.0093
81125 116 -0.009
43756 181 0.0076
6450 24 0.0141
44899 297 -0.0072
26265 312 -0.0031
14620 28 0.0122
66262 346 0.0074
64787 177 -0.0052
36978 83 -0.005
7126 236 -0.0066
35083 124 -0.0025
8219 73 0.0071
1869 25 -0.0053
28801 119 0.0016
73904 231 -0.0064
63192 48 0.0051
69168 295 -7e-04
56798 24 0.0173
123855 189 0.0602
1722 272 -0.005
38835 281 -0.0061
54080 51 0.0099
72486 183 0.0049
79501 15 0.0028
16395 285 -0.0079
52478 183 0.0074
47816 68 -0.0146
75622 188 0.0027
56702 185 -0.0114
38862 271 0.0102
9237 303 3e-04
73404 232 -0.009
17240 166 -0.0119
6839 149 0.0052
11193 250 -0.0104
76349 269 0.0145
54603 161 -0.0161
19045 293 -0.0047
11909 187 -0.0107
35036 135 -7e-04
28902 30 -0.0051
77716 186 2e-04
65944 248 2e-04
64983 161 -0.0029
127055 112 0.0015
1584 265 0.0019
48440 262 0.0062
104028 151 -0.0022
79236 251 0.0041
80241 149 0.0213
59232 265 -0.0087
42235 337 -0.0057
17455 105 -0.003
43763 252 -0.0028
42384 289 -0.0034
41175 106 -0.0108
60706 152 0.0027
50552 59 0.0081
1594 169 0.006
63203 356 0.0063
69374 156 -0.003
18139 206 0.006
23401 306 0.0022
74845 176 0.021
57482 251 -0.0049
27353 250 -0.0079
71677 101 -0.0016
9894 200 -0.0082
16514 78 -0.0057
61054 180 -8e-04
72483 300 -0.0033
2039 7 -7e-04
66038 258 0.0088
78229 102 -0.0026
14505 68 -0.0099
7761 155 -0.0039
32865 297 0
774 311 -0.0179
17252 212 -0.0034
6906 196 0.0062
66057 207 -0.0088
26607 53 0.0164
21506 212 -0.0046
37636 14 -0.004
78078 24 0.0035
20379 271 0.0251
76229 62 0.0136
41793 8 6e-04
75849 103 -0.0062
27795 13 -0.0095
81673 341 -0.0062
26677 309 0.0067
38245 194 0.0158
55582 166 2e-04
26984 304 0.0089
62043 97 -0.0096
12284 211 -0.0034
14686 244 0.0033
6865 243 0.0023
55761 155 0.0334
8385 333 0.0154
32475 187 0.0072
35531 274 -0.0033
12460 165 0.0073
3854 297 2e-04
11720 294 -0.0146
66072 62 -0.0073
55444 334 -0.0106
49894 152 -0.0106
43694 153 0.0053
47487 366 -0.0033
71600 235 -0.0028
59978 246 -4e-04
43382 230 0.0033
16003 333 -0.0105
35530 143 0
67251 300 -0.0155
29831 173 0.0135
558 149 0.0034
59489 90 0.0036
1449 271 -0.0033
78117 292 -0.0095
78509 164 0.0022
27994 103 -0.0023
4769 393 -0.001
4396 357 0.0054
1599 315 -0.0029
26979 122 0.0293
119587 178 0.006
74933 183 0.0101
55963 231 -0.006
31373 150 -0.0094
66071 366 -0.0028
49442 386 0.0146
49483 50 0.0117
40219 155 -0.0058
47198 103 -0.0151
74459 280 0.0223
21647 150 -0.0029
68204 167 5e-04
46527 317 8e-04
19207 54 0.0125
48662 255 0.0177
58265 283 -0.0095
258 161 0.0018
2031 268 0.0061
35080 322 -0.0018
1075 242 -0.0061
26776 234 -0.0059
77743 120 -0.0037
75165 208 -0.0121
66069 217 -0.002
63142 10 -0.0075
37995 215 0.0023
29638 351 -0.01
2014 365 -0.0082
74791 117 0.0037
10933 31 7e-04
69691 274 -4e-04
61629 113 -0.0101
43921 301 0.0013
17407 267 -0.0011
97601 51 -0.0071
64879 181 -0.0077
377 9 0.0018
860 334 -0.0068
18295 80 -0.0109
72878 125 -1e-04
29299 7 0.024
11410 35 0.0367
58196 243 0.0019
21140 96 0.0065
7601 68 -0.0049
54742 16 0.0095
42598 356 0.0276
53888 176 0.0015
13838 264 0.0117
76089 357 -3e-04
11078 222 0.0106
46685 218 0.0075
57364 109 -0.0115
8707 347 -0.0111
66036 94 -0.0097
18923 188 -0.0072
26733 147 -0.0075
36800 308 0.0189
72995 323 0.0361
94365 323 0.0013
10287 357 -0.0086
61440 108 0.0024
14067 287 -0.0028
2441 201 -0.0037
38188 152 -0.0029
47786 322 -0.0036
41199 170 -0.0063
23278 53 0.0106
68340 325 0.0559
4131 33 -0.0049
71325 36 0.0072
22482 327 0.0347
14561 268 -0.0021
75560 155 -0.0013
29616 323 -0.0091
76183 239 -0.0033
6991 359 0.0023
25403 253 0.0122
35270 117 0.0184
47768 200 0.0219
46635 83 0.0203
40690 199 -0.0084
31158 90 -0.0127
13118 110 0.0023
73071 283 0.0063
8200 24 0
2346 274 5e-04
2191 211 0.0019
1871 191 0.0127
40471 33 0.0224
66693 280 0.024
9957 123 0.0011
46926 191 0.0106
6811 363 2e-04
21084 228 0.0028
31372 243 -8e-04
15386 206 0.0015
60041 227 -0.0014
40483 75 1e-04
52006 71 1e-04
4414 9 0.0092
42887 13 0.0452
60040 177 0.0167
77972 280 -0.0014
5655 132 -0.0092
133474 106 -6e-04
42442 301 0.008
24820 305 0.0059
70177 224 0.0217
71520 203 0.0113
35472 205 -0.0012
18711 144 0.0029
46226 280 0.0175
62524 246 -0.0064
54734 245 0.0268
81619 132 -0.0093
20540 312 -0.0087
9457 179 0.0012
28504 125 -0.0071
57568 350 -0.0096
5993 71 0.0079
61409 314 -0.0055
29491 194 -0.0055
63855 283 -0.0069
73723 79 -0.0056
41250 190 0.0098
4898 282 0.0252
36173 113 0.0222
6165 60 0.0034
16585 89 -0.0088
50990 362 -0.0018
14814 92 0.0045
9311 210 0.0132
37693 247 0.0334
69296 160 0.0152
29180 51 -0.0081
66014 293 0.0068
7317 108 -0.0028
26581 185 0.0085
41305 189 0.001
64695 97 -0.0021
42184 73 0.0252
76203 282 -0.0022
1399 145 -0.0116
26506 88 0.0123
24876 386 -0.002
7091 204 0.0103
56103 143 1e-04
56537 152 -0.0058
69892 289 -0.0096
78873 306 -0.0053
56868 148 -0.003
65063 276 3e-04
31657 187 -0.0099
68277 57 -0.0012
79093 161 0.0031
44852 314 -0.0132
54495 273 0.0454
25058 196 -0.0062
77789 132 -0.0098
22399 195 0.0022
60126 91 0.0025
54172 271 -0.0052
16433 149 -0.0036
26320 312 0.0175
29697 154 0.0121
64409 39 0.0076
57453 238 0.048
23573 207 -0.0091
57666 203 -0.0084
7054 299 -0.007
64425 267 0.0024
37428 148 0.0145
50667 188 -0.0081
67273 332 0.0043
55695 21 -0.0114
4968 69 -0.0041
60112 102 -0.0023
65861 275 0.0032
37857 28 0.0068
66658 184 -0.0011
37287 260 -0.0042
71701 192 0.0276
1816 162 0.0215
29193 132 -0.0085
66098 267 0.0044
9384 374 -0.0019
80288 11 -0.001
53428 84 0.0114
65824 77 0.0018
45979 65 -0.0017
57368 173 -0.0054
63467 317 0.0311
17809 358 -0.0091
6026 223 0.0041
72161 251 0.0015
40779 116 0.001
6102 118 3e-04
69633 53 -0.0076
63988 74 0.0145
67234 221 -0.0018
33554 288 0.0087
42069 35 -0.0066
79361 63 0.0091
71118 254 0.0108
29956 332 0.0078
9922 34 0
39243 274 -0.0075
27191 380 -0.0097
69333 317 0.001
7823 209 0.0124
108412 202 0.0041
30649 231 -0.0073
45523 154 0.004
10418 75 0.0079
11420 213 0.0035
10171 184 0.0173
65415 292 -0.006
8861 213 -0.0104
64241 319 0.0185
71120 167 0.0264
77502 183 -0.0104
3066 280 -0.0021
46886 221 -0.0076
49828 257 -0.0109
14659 52 -0.0076
6368 16 -0.0097
35255 45 0.0022
36542 96 -0.0092
38235 86 0.0031
68117 148 0
81487 213 -0.0052
4702 51 0.0042
43153 9 -0.0101
67617 332 -0.0061
31862 307 0
55954 115 -0.0072
45739 18 -0.0073
7743 54 0.0035
43856 255 -0.0024
10005 171 -0.0082
15790 60 -0.0054
19842 168 -0.0029
80922 209 0.0157
80160 141 0.0073
2983 208 -0.0025
24491 167 -0.005
55786 241 0.0028
34279 103 -0.0015
81159 128 -0.0113
2717 85 -0.0053
46269 99 0.0089
77344 108 0.0084
31433 143 0.0039
15263 148 -0.0072
48808 63 -0.0026
42574 311 0.0019
75881 383 -0.0079
75740 393 0.0134
69315 94 -8e-04
12126 224 0.0041
25357 71 0.0077
67669 192 -0.0017
12884 26 -0.0043
57557 327 -0.0072
24863 114 -0.0051
1533 154 -0.0211
29372 112 -0.0049
118439 245 -0.0103
34311 217 -0.0145
26444 25 0.0029
24738 35 -0.0039
37819 260 -0.0035
32350 206 -0.0011
69507 280 -0.0072
41439 53 0.0106
37690 107 -0.0084
75020 364 0.0047
74027 175 0.0271
16162 30 -0.0105
15916 307 -0.0045
61799 281 0.0112
43392 246 0.0128
41240 105 -0.009
65511 273 -0.0023
10356 46 0.0108
65105 195 0.004
62276 280 0.0049
17036 198 -0.0062
56135 186 -0.0019
88846 55 -0.0062
79723 231 -0.0072
63885 88 0.0184
55887 169 -0.0097
62809 18 -0.008
84154 220 0.0076
38645 60 -0.0077
27331 285 -0.0055
67981 81 -0.0029
27778 284 9e-04
55047 196 0.0116
80991 125 -4e-04
17822 324 -0.0067
51993 270 0.0297
61016 240 0.0021
27904 145 -0.0085
39238 22 0.0018
74204 225 -0.0015
62242 124 9e-04
27407 24 9e-04
69558 73 0.0463
54539 28 0.0131
53189 175 -0.0095
80043 250 0.0044
47990 246 -0.0029
28199 20 -0.0018
66537 65 0.0098
56810 68 0.0019
70188 116 -0.0085
55890 189 -0.0034
13846 243 8e-04
79900 59 0.0098
20173 263 -0.0051
56693 312 0.021
76665 106 0.0038
56823 124 6e-04
60650 98 -0.0077
103780 168 -0.0085
100872 101 0.0051
45947 300 -0.0141
24920 28 -0.0053
40367 130 -0.0101
41337 12 0.0198
62058 368 -0.0186
9543 313 -0.0114
13301 260 0.0026
45282 318 0.0142
34699 190 -0.0025
58462 14 -5e-04
17900 306 0.0089
36896 63 -0.0114
79460 302 0.0478
19925 15 -0.0032
1462 314 0.0074
70160 31 0.0045
9012 161 -0.0027
44507 330 -0.0014
2588 89 0.0182
41814 158 -1e-04
5723 219 -0.005
60947 188 0.0194
54079 377 -0.007
31571 28 0.0118
5475 310 0.017
44686 159 -0.0033
72845 379 0.0018
5626 89 -0.0025
55561 15 -0.0067
51401 146 0.0107
75229 113 -0.0019
5545 59 -0.0024
68422 351 0.0166
72258 135 4e-04
31261 66 -0.0017
22795 190 -0.0025
25378 254 0.0066
27817 314 0.0024
20099 205 -0.0144
61413 250 -0.0015
42274 316 0.0016
43785 176 -0.0015
44638 342 0.0263
35575 313 0.0108
46995 310 0.0027
7701 324 -0.0112
20734 104 0.0056
17018 374 -0.0025
53922 274 -0.0062
74872 272 5e-04
31508 220 -0.0069
47248 336 0.0525
27398 155 0.0124
71462 340 0.0101
41616 235 0.022
38230 92 0.0059
62551 320 0.0113
33935 323 -0.0046
53388 200 0.0108
6020 322 0.0091
79592 178 0.0061
57027 85 -0.0016
64657 55 -0.0048
68123 357 0.0082
61383 263 0.0077
30357 67 -0.009
44876 97 0.0174
72096 48 0.0027
2331 81 -0.0112
67294 222 0.0017
72324 128 0.0092
33801 213 -0.0033
75417 124 -0.0055
50904 89 0.0271
56645 291 0.0033
44536 23 0.0051
64299 92 0.0075
38079 360 0.0208
55533 92 0.0026
24010 174 0.0237
10614 142 0.004
2544 60 -0.013
36385 39 -0.0061
50393 208 -0.0113
76843 231 0.0028
223652 44 -0.0045
17963 269 -0.0167
5061 136 0.0066
57719 306 0.0026
27721 197 0.0096
73722 75 0.0018
56145 363 -0.0054
3731 350 -0.0013
53931 92 0.0118
9587 205 -0.0076
59880 152 0.0615
23454 226 -6e-04
6323 130 0.0127
30367 86 0.0012
32352 24 0.0017
36713 232 4e-04
1477 68 -0.0011
2064 283 -0.0022
6776 7 0.0077
7946 121 -0.0088
78872 256 0.0201
38069 92 0.0593
59999 245 -0.0132
38473 280 -0.0029
49810 212 -0.0074
44501 57 -0.0056
39674 280 -0.0045
48548 157 0.0027
72501 226 -0.0023
56029 232 0.0036
54282 197 0.0201
67592 32 -0.0113
36841 385 0.0223
74681 216 -0.0023
21786 315 0.0024
24819 243 0.0258
2271 284 -0.0042
43547 379 0.0097
22562 207 0.0025
69020 8 -0.0072
76547 255 -0.0076
38468 232 -0.0061
19299 76 0.0019
73126 62 -0.0053
32136 58 -0.0018
22406 247 -0.0132
23370 253 -0.0102
64930 64 -4e-04
48866 60 0.0066
12936 213 -0.0106
71143 346 -0.0089
7362 56 0.0081
80161 315 -0.0028
62085 155 -0.0062
59459 203 -0.0096
26200 18 0.0016
4747 181 -1e-04
19357 186 -0.0099
64967 12 -0.0032
21223 194 -0.0061
11142 276 -0.0105
13945 190 -0.0027
48732 282 9e-04
56544 151 0.0035
16357 273 0.0066
55454 70 -6e-04
42404 228 2e-04
21486 136 0.0194
118137 117 -2e-04
38256 173 0.0081
47200 304 0.0056
19301 378 1e-04
35183 205 0.0059
56069 196 0.0202
30962 234 0.0085
85103 219 0.0132
56885 309 0.0052
38494 32 0.0042
7551 192 -0.0077
19092 272 0.0059
61812 179 -0.0033
8146 336 -0.0041
1490 179 0
31224 43 0.0186
36499 157 0.0136
71659 213 -0.002
12552 362 0.0064
26624 333 0.0263
10552 176 -0.0046
64485 233 0.0046
39258 371 -0.0011
56565 330 -0.0036
17466 209 0.004
6633 100 -0.0056
74866 116 -0.0085
24680 300 0.0014
7311 193 -0.0054
67427 256 -4e-04
29332 162 -0.0083
54020 110 -0.0086
26755 312 0.0062
29583 147 -0.0066
26590 70 -0.0026
24110 143 0.0097
71408 191 0.0316
24755 134 0.0085
16682 115 0.027
56305 183 -0.0075
6642 98 -0.0011
17857 50 -0.0061
64421 378 -0.0054
53054 305 0.0019
26525 132 -0.0073
65202 175 -0.0091
39787 31 -0.0074
65434 56 -0.0083
64093 39 -0.0063
66922 284 0.02
49892 147 0.003
41711 41 -0.0118
76722 20 0.0052
971 266 -0.0065
57247 333 -0.0023
63736 107 0.0065
35582 291 5e-04
39003 245 -0.0033
70857 241 -0.0048
67164 183 -0.0011
10222 334 -0.0062
81036 173 -8e-04
73002 163 -0.0019
54127 269 0.0253
56253 184 -0.009
6826 159 0.0066
49889 207 0.0029
9402 49 0.0216
38867 180 0.0045
74179 141 0.002
161 151 -0.0077
55480 214 0.0204
23420 69 -0.0128
71025 63 -0.0126
11362 380 -0.0093
54291 155 0.0065
30696 71 0.0045
53530 154 0.0142
33882 348 -9e-04
59227 105 -0.0013
56190 246 -0.0056
81175 239 0.0059
57434 106 -0.0094
69487 72 -0.0082
74385 133 0.0169
32661 86 0.0013
37263 250 -0.0082
28953 158 0.0177
42126 203 -0.0029
24129 358 -0.0035
55110 167 0.0039
79146 125 0.0729
14559 309 -0.0055
43222 154 0.0162
48804 169 0.0303
60735 222 -4e-04
71732 128 0.003
67690 260 0.0233
12880 67 -0.0071
36617 116 -0.0077
29080 280 -0.0049
1553 215 0.0017
26055 10 -0.009
37718 226 -0.0037
16867 112 0.0024
51842 87 0.0173
57686 51 0.0174
57283 300 0.0322
27684 195 0.0098
7241 278 -0.0107
25840 254 0.0331
11416 256 -0.0023
119241 160 -5e-04
26934 389 0.0215
56568 91 0.0073
12941 8 -8e-04
2597 224 -0.0026
2123 81 -7e-04
141406 54 0.0062
78336 205 -0.004
68142 126 0.0476
11000 294 -0.0083
65505 376 -0.0075
52590 78 -0.005
56080 29 0.0088
14981 264 -0.0021
50382 32 -0.0067
65101 154 0.0049
35736 51 0.0233
39225 141 -0.0042
20854 13 3e-04
77526 32 -0.0036
37510 333 0.0267
59979 267 -0.0123
65150 60 0.0184
78122 99 0.0514
62719 212 -0.0081
42750 154 -0.0061
3304 131 0.0078
37765 70 -0.0038
76108 69 0.0102
31025 14 0.0018
6177 152 -0.0151
47619 228 -3e-04
48953 114 0.0037
16271 330 -0.0059
60132 11 -0.004
75255 162 0.0142
62607 110 0.0041
70616 173 -0.0026
50963 130 0.0069
70388 149 0.0106
37190 41 -0.0018
16209 390 3e-04
66796 338 0.0057
68384 24 0.0193
33591 328 0.0127
55716 202 -0.004
55373 12 -0.0034
955 52 -0.0063
15244 128 -0.0099
13328 271 0.0136
11671 234 0.0096
34736 135 -0.0098
14748 175 0.0095
68532 228 -0.02
48751 267 -0.0014
77274 120 0.0042
32587 44 -0.0083
10217 376 0.0048
28633 245 -0.0062
67196 34 -0.0061
67096 237 0.0035
97007 257 -0.0043
24378 160 -0.0054
76620 303 -0.0116
17442 113 0.0395
43224 115 0.0283
77277 261 0.0132
25773 104 -0.0115
14478 30 0.0139
47637 106 -0.0061
17762 121 -0.0103
75403 143 -0.0056
67335 45 0.0392
45078 197 -0.0115
15341 126 -0.009
73782 137 -1e-04
60026 203 -0.0046
41737 374 -0.0029
34808 88 -0.0038
29640 89 -0.0131
29572 176 -0.0058
77213 359 -0.0123
16754 84 0.003
32545 323 0.0155
27420 163 -0.0036
56229 81 0.0084
7855 58 -0.0054
14783 81 0.0086
27186 80 0.0047
2435 232 0.0086
2609 217 0.0244
6085 65 -0.0039
4489 291 -0.004
30578 237 0.0097
21738 352 -0.0123
25352 27 0.0019
60324 343 -0.0123
72366 324 0.0161
43414 384 0.0025
1902 65 -0.0048
38500 249 -0.006
37262 339 -0.0059
76211 355 0.0109
33541 81 7e-04
51635 329 0.0031
15285 294 0.0038
70586 314 0.0114
32930 293 0.0078
16028 30 -0.0013
12296 29 0.0082
80507 265 0.0086
25192 49 -0.011
9684 29 -0.0065
69554 353 0.0197
52526 20 -0.0109
74806 345 0.0102
60924 276 -0.0151
72769 358 0.0161
80176 193 -0.0084
24276 151 -0.0048
65284 85 -0.001
72401 33 0.0076
42612 160 -0.0062
6777 321 -0.0077
57862 136 0.0078
70904 8 -0.007
37125 8 -0.0037
81492 280 0.0405
76758 144 0.0399
31 251 -0.0092
25236 96 -0.0042
38940 152 -0.0061
61655 268 -0.018
13753 186 -0.0021
1840 203 0.007
51636 45 8e-04
48093 190 -0.0133
78272 322 -0.0077
5862 234 -0.0042
25380 261 -0.0139
4224 170 0.0243
14191 141 -0.0022
26468 331 -9e-04
25081 33 0.0871
57170 311 0.0306
42399 268 -0.0048
101596 346 0.0065
26630 361 0.06
24365 336 0.0028
36904 116 0.0152
70535 282 -3e-04
78097 179 0.0136
27768 74 0.0096
68265 106 0.0114
41171 118 -0.0062
75167 313 -0.006
36960 222 0.0087
68344 267 -0.0117
80335 16 -0.0058
8646 318 0.0062
63859 225 -0.003
41911 118 -0.0042
919 100 0.0018
2992 137 0.0059
64377 131 0.005
1874 103 0.0317
64833 120 -0.0017
4675 343 0.0222
68160 296 0.019
75306 245 0.0061
75330 206 -0.007
80936 228 0.0058
80464 381 -0.0065
22171 189 0.0076
7971 108 -0.0072
75580 243 0.0297
18872 117 0.0035
65904 84 0.0018
73251 248 0.0211
1281 14 0.0016
24057 241 0
29010 379 -0.0055
7812 210 -0.0062
71645 329 -0.0064
25771 304 -0.0048
32956 221 -0.004
38387 237 0.0027
63569 290 -0.0081
75760 177 2e-04
36110 72 -0.0065
15588 320 0.0085
1561 390 -0.0068
33598 68 0.0069
525 20 0.0106
9848 144 0.0147
110205 98 0.0125
40902 85 -0.0095
48666 311 -0.0165
11099 335 0.0395
3989 216 -0.0055
43552 288 -0.001
26749 250 -0.0068
114023 187 -0.0044
72581 313 -0.0095
12573 88 -0.006
18499 52 -0.0033
13004 36 0.0015
34981 217 -0.0079
21624 162 -0.0088
51325 238 -0.0066
12945 337 0.0145
53015 310 0.0115
40926 217 -0.0019
36509 178 -0.0059
76025 253 0.0048
68002 203 0.0067
61484 339 -0.0022
56626 145 -0.0026
42319 239 0.0396
46768 323 0.015
5410 159 -0.0093
72362 252 -0.0047
64957 52 -2e-04
51145 281 -0.0023
33641 144 -0.0015
2883 251 2e-04
24415 59 0.0056
67240 145 0.0157
57180 146 -0.0051
283 361 0.0368
78310 244 0.0064
29816 74 0.0058
75957 180 0.0455
72185 102 0.004
25916 14 -0.0036
42124 137 -0.0018
19107 199 4e-04
7287 168 0.004
28363 316 7e-04
45878 253 -0.008
29157 85 -0.0017
74910 266 -0.012
8462 24 8e-04
74380 290 -0.0077
6246 264 -0.0031
62178 96 -0.0049
71617 327 0.002
48977 116 -0.0077
42628 252 0.014
67945 45 -0.0027
67737 60 0.0022
53601 174 0.0051
38327 164 -0.0049
69991 121 -0.0143
7019 186 0.008
47882 262 -0.0077
76208 200 0.0248
61651 304 0.0031
66773 366 9e-04
31570 79 0.0144
51996 239 0.0073
48193 298 -0.008
80391 93 -0.0026
54483 97 -0.0045
43401 10 -0.0073
65060 309 0.0044
385 241 -0.006
66997 17 0.0048
22845 123 -0.002
38615 132 0.0098
27254 14 -0.0015
17731 107 -0.011
5192 257 0.0345
80093 236 -0.008
1603 82 -0.0068
10615 191 -0.0073
6032 284 0.0075
48717 241 0.0189
59208 82 -0.0112
27114 326 0.0153
49143 64 0.0107
4583 191 0.0027
22685 281 -8e-04
35197 130 0.0015
27242 195 -0.0054
74019 227 -0.0064
55851 166 0.0117
79752 190 -0.0119
5984 154 0.011
39092 268 -0.0063
73618 126 -0.0017
78334 213 0.0028
46514 170 -0.0027
79002 53 0.0073
57972 11 0.0053
10187 239 -0.0071
45866 319 0.0011
59135 9 -0.0041
34474 257 0.0056
33706 181 0.0041
26598 272 0.0085
22299 318 0.0017
11294 266 -0.0014
43771 68 -0.0054
74142 246 0.0093
39559 48 0.0052
16631 83 0.0269
56411 268 -0.0042
35640 8 0.003
43759 172 -0.0064
10063 41 -0.0071
74883 126 0.0127
57627 160 -0.0093
23447 318 0.0184
16752 11 0.0298
32806 122 -0.0055
19139 78 0.0133
43426 227 0.0014
55690 61 -0.0034
77481 233 9e-04
26742 119 0.0027
75892 219 -0.0013
62780 44 0.0191
71690 258 8e-04
40148 282 0.0163
27901 154 -0.0057
113 186 -0.0044
45043 163 0.0026
37414 178 -0.001
78036 350 0.0074
63263 46 0.0044
106855 78 -0.002
28999 331 0.0079
67080 247 -0.012
65998 49 5e-04
41234 150 -0.008
65469 78 -0.0072
21414 239 0.0092
50038 196 0.017
599 308 -0.0085
69956 305 -0.0052
2967 237 -0.0014
72002 363 -0.003
2847 290 0.005
17617 297 0.0043
34025 226 0.0339
125071 170 -0.0089
41842 386 0.0172
2507 42 -0.0114
78322 87 0.0182
68212 338 0.0082
66518 204 -0.0034
45371 261 -0.0178
7943 303 0.0106
31816 51 0.0025
23887 330 -0.0087
1670 334 0.003
7787 341 -0.012
65302 403 -0.0069
115606 204 -0.0084
59228 191 -0.0038
32398 54 0.006
20284 76 0.0046
3474 203 -0.008
80975 25 0.0043
62417 272 -0.0029
71431 218 0.0021
44647 101 0.0024
69623 69 6e-04
69121 158 -0.0011
35857 225 0.0248
9228 40 0.0075
13641 122 0.0061
63461 295 -0.0062
74975 382 -0.0062
8163 125 -0.0023
78136 182 -0.0086
20627 82 0.0034
37302 215 -0.0084
60069 211 0.0106
79622 290 -0.0043
48617 135 -0.0026
23888 258 0.0012
79292 370 0.0261
66295 272 -0.0032
40692 286 0.0063
79116 245 -0.0069
3043 71 0.0451
67117 115 -0.003
39233 72 0.0052
72922 240 0.001
31229 234 0.0112
2397 366 -0.0025
66647 239 -0.0053
58441 366 -0.008
34073 168 -0.0075
69597 290 -0.0031
68632 251 0.0019
72421 196 -0.0077
28623 283 -0.0071
20454 278 4e-04
33118 86 -0.0043
104820 72 0.0257
24474 256 -0.0067
24722 224 -0.0028
17114 91 -0.0048
12829 285 0.0053
61205 297 -0.0047
49683 358 -0.0029
19264 55 0.0034
6461 358 0.0183
13890 255 -0.0053
76848 79 6e-04
55827 350 -0.0117
75847 82 -0.0082
24625 58 0.0077
74935 168 0.0131
56399 246 0.009
52565 224 -0.0082
64632 69 -0.0111
34887 279 0.0136
70837 338 0.0153
40656 36 0.0046
23284 222 -0.0045
20222 69 -0.0063
63792 293 0.0065
32346 164 -0.0112
55321 80 -0.0091
1266 169 -0.0047
73342 248 -0.0063
17696 312 0.0352
58223 242 0.0088
47174 169 0.0111
27962 154 -0.002
77538 57 0.0108
10014 310 0.0026
27535 174 0.0294
26271 113 0.0135
44100 161 -0.0017
39251 132 -0.0046
1852 222 -0.0097
68793 151 -0.0041
30469 244 0.0154
29271 30 0.0257
80813 378 -5e-04
45935 307 -3e-04
57484 70 6e-04
21003 162 0.0086
78571 64 -0.0033
34478 301 -2e-04
56853 314 0.0239
75341 317 -0.0023
16120 192 0.0044
16157 390 -0.0164
38887 245 0.0042
26261 300 0.0209
66375 117 0.0092
66762 274 -0.004
29306 122 -0.0119
30573 266 -0.0012
38676 281 -0.0079
34241 204 -0.0035
7378 76 0.0026
66888 24 0.0094
55220 341 -0.0034
63237 102 -0.0095
67934 185 0.0085
61758 326 -0.0092
45497 11 0.0044
36368 160 0.0116
28301 347 0.0067
62164 340 0.014
61505 226 8e-04
65117 88 0.0128
39294 131 0.0679
12335 264 -0.0015
77978 84 0.0042
76013 188 0.0172
41593 224 0.0028
35930 145 0.0096
33634 184 -0.0014
65305 150 -0.0026
77563 286 -0.0054
65955 249 0.009
75333 305 -0.0074
29336 268 0.0026
30013 219 -0.0112
66493 174 0.0019
23145 345 0.0078
14199 381 0.0285
55914 243 0.0132
5905 285 -0.006
7972 119 -0.0078
46948 135 -0.001
42047 254 0.0187
40538 192 -0.0058
26810 215 -0.0047
288 37 -0.0082
72564 8 -0.0042
7293 330 0.0135
32899 199 0.0011
71071 202 -0.0029
14144 229 0.0035
120880 317 -5e-04
76865 22 0.0233
21421 265 0.0052
19622 232 0.0029
54610 372 0.004
33084 322 0.0026
70516 304 0.016
66322 149 0.0094
66716 122 0.0475
2160 181 0.0056
76596 144 0.0086
59167 257 -6e-04
1282 107 0.0115
28520 193 0.0025
968 98 0.0091
37841 41 0.0308
53434 185 0.009
74678 219 -0.0137
63144 169 0.0024
76346 329 0.0197
38745 225 0.0115
15864 296 0.009
30273 310 -0.0104
34171 377 -0.0013
10106 185 0.0187
18066 209 -7e-04
53466 80 -0.0043
54187 336 0.0023
41288 260 -0.0115
23788 235 0.0093
34492 189 -0.0051
52842 61 0.005
20303 176 -0.0024
18132 336 0.0018
6492 23 -0.0014
53715 371 0.0105
44253 94 0.0018
37258 20 -0.0064
58317 34 -0.0051
27446 19 -0.0055
395 16 0.0026
41532 124 -0.0121
9212 349 0.0093
47078 153 0.0095
17793 182 -0.0105
12821 12 -0.0046
25088 171 0.0111
3409 319 -0.0112
55286 217 0.0029
31490 244 -0.0024
1922 109 8e-04
44248 147 -0.0033
75142 220 0.0187
3695 287 3e-04
61269 278 -0.0127
25382 186 0.0317
38352 36 0.0633
80909 244 0.0015
35295 53 0.0028
41104 247 -0.0028
52156 247 0.0014
60750 28 -0.0082
68562 256 -0.0038
45654 85 0.0296
37714 12 0.0395
39795 190 4e-04
26969 121 -0.0083
26625 316 -0.0019
9282 181 0.0298
30052 98 0.0169
44520 255 0.0024
23391 54 0.0107
51850 16 0.0182
27193 167 0.0139
26725 62 -0.0041
37298 349 -0.0132
13562 331 -0.0074
19219 385 -0.0099
46435 311 -0.0079
38268 305 -0.0142
53381 105 0.0019
77235 198 -0.0038
10558 220 -0.0043
46231 212 0.0015
11289 221 -0.0081
15391 47 -0.0102
67692 110 2e-04
76452 92 0.0083
74716 154 0.0047
60684 14 0.0167
118798 260 0.0211
1877 119 -0.0022
73194 213 -0.0023
58541 75 0.0075
24377 157 4e-04
71718 180 -0.0026
27076 280 -0.0036
95834 202 -0.0051
15040 193 0.015
50546 148 -0.0057
16309 243 -0.0125
65809 195 -0.001
54288 299 -0.0011
4039 118 0.0015
28287 241 0.0268
18349 89 -0.0118
75152 59 -0.0096
61382 275 -6e-04
35760 342 0.008
72299 227 0.0054
7158 32 -0.0087
71273 74 0.018
61911 127 0.0096
7251 288 0
34379 43 -0.0036
65273 212 0.0065
54609 60 -0.0082
59064 297 -0.0092
18429 165 -0.012
32105 237 0.0331
16145 101 0.0022
11966 227 0.0039
63543 274 -0.0109
28730 85 6e-04
32730 169 0.0201
47930 392 -0.001
48814 339 -0.0061
54185 291 -0.0039
29148 118 5e-04
68311 148 -0.0083
28025 355 -0.0104
75859 27 8e-04
1975 236 -0.013
16189 210 0.0175
60772 289 0.0188
43081 89 0.0068
36321 37 -0.0105
48985 68 9e-04
39820 83 0.0402
30111 353 9e-04
70874 162 -0.0121
33183 259 -0.0013
31806 78 -0.0088
7579 372 4e-04
32921 164 0.0183
2800 115 -0.0012
75090 277 0.0089
2177 53 0.0029
6652 72 -3e-04
12485 387 0.0238
67359 303 0.0245
52097 311 0.0028
28330 158 0.013
6170 341 -0.0042
31667 136 0.0096
35370 364 -0.0046
68329 69 -0.0039
74299 128 0
21039 347 0.0094
11646 248 0.0227
66573 297 -7e-04
72540 95 0.0048
41152 119 0.0168
22850 241 -0.007
48272 100 -0.0044
72592 33 -0.0031
18865 9 -0.0036
68628 220 -0.0091
24171 25 0.0073
81614 131 -0.0069
1859 299 0.0102
546 38 0.0014
53463 118 -0.0061
29530 334 0.0054
28142 55 0.0143
85754 86 0.0054
44310 104 0.0149
80784 107 0.0023
67374 105 0.0039
64846 58 0.0115
59206 50 -0.0018
76194 55 0.0442
69366 93 -0.0039
26443 338 0.0025
65792 230 -0.0076
25174 206 -9e-04
18995 57 -0.0081
33151 328 -0.0056
72825 322 0.0068
13554 166 -0.0038
78986 150 -0.0085
46474 73 0.0019
81588 282 0.0035
51586 202 -1e-04
57431 55 -0.0034
31509 358 0.0507
392 129 0.0215
67864 26 0.0186
16294 85 -0.0046
42982 285 0.0075
65386 348 0.0052
63330 38 -0.01
25561 124 -0.0079
12424 174 0.0058
71297 90 0.0089
12037 354 -0.0028
81927 276 -0.0055
42245 100 0.0287
48145 269 0.0039
75481 167 -0.0028
54295 186 -0.0073
16071 76 -0.0064
3753 224 -0.0109
64465 204 -0.0063
42416 58 0.0118
22296 251 5e-04
19537 200 -0.0035
21789 370 -0.0049
68779 195 0.0122
51171 8 0.0125
37642 215 -0.0086
63753 271 0.0269
38189 233 -0.0039
40151 279 -0.0071
25254 375 0.015
27068 142 0.0012
74919 212 -4e-04
19581 198 -0.0032
70812 304 0.0072
9503 68 0.0058
8684 130 -0.0073
60539 151 -0.0096
46107 20 -0.0113
13948 141 0.0249
21044 130 0.0028
4835 208 -0.0022
51340 81 -0.0036
20108 116 -0.0066
47709 65 -0.0072
54204 66 0.0028
28950 155 0.0011
35293 87 0.0265
81321 311 -0.0052
21892 246 -0.0015
52245 141 0.0033
79498 39 0.0077
42437 154 -0.0034
74684 198 -0.0091
75311 155 0.004
17363 328 0.0106
5562 171 0.0173
76518 49 0.0071
60062 304 -0.0089
58342 14 0.0144
7261 29 -1e-04
49919 199 0.0097
66783 66 0.0192
62225 66 0.0312
76926 168 -0.0046
98041 264 0.027
23579 75 -0.0023
1968 75 -0.0103
45084 177 -1e-04
68148 248 0.0079
55318 309 -0.0029
61084 168 0.0039
7168 254 0.0194
15528 112 0.0196
60788 269 -0.0019
22410 202 0.0019
79711 76 0.0019
28886 164 -0.0045
11128 266 -0.0123
75511 11 -0.0038
30987 38 -0.005
2929 16 0.0027
41816 30 -0.007
27894 324 -0.0013
36432 130 0.0096
80914 12 -0.0066
80578 18 0.0221
63658 116 -0.0022
78231 152 0.0141
37472 222 -0.0077
50159 270 0.0117
62936 92 -0.0071
19090 146 0.0042
46681 163 -0.0083
70138 129 0.0108
63632 243 -0.0098
9781 45 -0.011
64105 29 0.032
66113 224 0.0442
23596 253 0.0132
31955 200 6e-04
14288 236 -0.0039
8236 383 0.0093
57404 378 0.0147
70362 230 0.0048
7459 327 0.0059
74732 45 0.0021
28763 185 0.0161
24929 222 0.0028
79342 323 0.0081
9494 321 -0.0168
8853 282 0.0151
41930 30 0.0038
2865 319 0.0023
77366 117 0.028
12226 271 0.0073
26060 287 0.0523
81721 236 0.0044
56052 261 0.011
13576 249 0.0026
35984 231 -0.002
15677 282 0.0094
53400 188 -0.0014
56198 402 0.018
17147 257 -0.0067
55992 205 -0.0064
20033 355 0.0329
62553 75 -0.0051
29898 267 -0.0075
41048 304 -0.012
37717 132 0.0256
1762 125 -0.0084
7512 317 0.0026
53839 341 0.0025
7610 223 -0.0079
2748 125 0.0053
5109 373 -0.0065
40439 280 0.0553
76131 272 -0.0106
40286 256 0.0224
40210 93 -7e-04
26249 69 -0.0066
37733 92 0.006
22447 47 0.0014
64520 227 0.0066
42935 79 0.0173
47615 118 -5e-04
4442 13 0.0013
106589 50 0.0013
30119 250 -0.0061
66612 171 0.0088
25787 226 -0.0011
33158 71 -0.0043
81640 182 -0.0086
41521 27 -0.0035
1436 316 0.0048
5928 14 0.0071
35488 32 0.0085
17027 57 -7e-04
14005 56 -0.0048
7651 335 -0.008
1489 281 0.0027
26816 102 -0.001
54716 182 0.0064
1645 40 -0.0142
53890 199 0.0042
35812 285 -0.0079
16011 29 0.0229
43736 233 0.0042
41403 375 0.0065
76068 55 0.0041
7566 57 0.0079
37469 283 0.0024
6749 116 -0.0146
74102 180 0.0086
26662 307 -0.0014
69193 338 0.0136
10023 68 -0.011
76335 106 -0.0036
31398 338 -0.0078
11076 270 -0.0073
68537 268 -0.0055
28244 342 0.0025
10376 165 0.0037
54572 327 0.0049
56632 174 0.0057
45892 362 0.0038
25864 102 -0.0109
23061 248 0.0211
43925 25 -9e-04
6520 267 -0.008
63973 152 -0.0085
81379 372 -0.0064
75827 284 0.0284
81741 327 -0.0054
72887 349 -7e-04
49184 267 -0.001
53122 363 0.0063
2610 161 -0.0105
18077 320 -0.0097
4791 135 -0.005
21416 173 -0.0133
26070 188 -0.0077
41642 23 -0.0076
15681 342 0.006
45160 37 -0.0112
64686 35 -0.0049
59780 261 0.0191
61768 255 -0.005
4454 116 0.0065
11081 303 0.0105
12188 162 0.0105
28987 28 -0.006
11895 237 -0.0076
75615 389 0.007
55813 72 0.003
37797 339 0.027
72040 285 0.0288
27401 280 0.0315
69006 157 -0.0076
33233 96 0.013
59736 173 -0.0013
55699 257 0.0024
48020 48 0.0029
27884 254 0.0036
75103 93 7e-04
48351 49 0.0194
64807 19 0.0018
51612 105 0.0045
77611 173 0.0137
64725 62 0.004
138049 99 0.0076
69688 278 -0.0071
41559 190 -1e-04
74216 341 0.016
15127 125 0.0162
27470 119 -0.0054
62652 42 -0.0013
11963 89 0.0079
65270 322 0.0058
75406 206 -0.0038
27126 99 -0.0074
16881 186 -0.0081
10379 182 0.0031
30275 133 0.0034
38648 57 0.0271
15566 143 0.0026
55301 271 -0.0114
64680 302 -0.0054
45398 323 0.0177
65220 398 0.0072
63018 305 0.0405
3548 248 -0.0049
40583 156 0.0052
3931 209 -0.0034
57651 203 -0.0018
52947 356 0.0293
65929 221 0.0116
75850 329 0.003
19867 276 0.0612
75089 309 0.0017
48794 267 -0.0042
34432 34 0.0018
20846 97 0.0276
79461 267 -0.0134
22307 71 0.0071
27234 251 0.0086
58667 112 -0.0044
37217 277 -0.0126
66433 370 -0.0021
76572 152 -9e-04
46131 50 0.0058
22699 173 0.0195
70970 149 0.0123
41110 31 0.0106
70233 320 0.0259
15209 198 -0.0114
6280 222 -0.0063
64494 180 -0.0079
3095 251 -0.0073
9750 160 -0.0076
10886 66 -0.0015
31915 53 0.0072
32831 370 -0.0076
44040 91 -0.0011
20931 104 -0.0107
79524 259 0.0266
19280 118 0.012
66990 262 0.0015
30399 61 -0.0055
72512 74 -0.0052
55483 65 -2e-04
49644 45 0.0116
16087 204 -0.0078
66306 201 9e-04
58809 18 -0.0122
40387 279 -0.0072
64291 288 -0.006
31079 105 0.0108
63025 117 -0.003
53393 189 0.0123
21522 202 -0.0062
9958 229 -0.0031
48364 188 0.0059
11198 203 -0.0065
21931 359 -0.0038
55835 338 -0.0029
68357 303 0.0183
28832 154 0.0092
57425 212 0.0058
143 215 0.0097
76970 182 -0.0033
36726 66 -0.0066
38153 15 -0.0024
47661 274 -0.0075
40001 47 0.0043
78304 192 0.0061
23581 281 -0.0139
43758 65 -0.0173
5057 356 -0.0211
8820 337 0.0078
28433 366 -6e-04
74327 321 0.0156
56056 301 0.0201
3484 299 0.0018
20822 130 -0.0048
80924 314 0.0132
70003 270 -0.0018
50715 266 -0.0013
73636 63 -0.0066
38831 275 -0.0011
53379 280 0.0068
55459 285 0.0113
74853 43 4e-04
1675 344 -0.0118
73358 396 0.0058
5449 113 0.004
23501 87 -0.0116
53399 73 0.01
11635 372 -0.0092
79223 162 0.0378
62807 33 -8e-04
54852 107 -0.0075
38840 294 -0.0051
53934 119 0.0301
16934 78 -0.0011
56956 94 5e-04
49655 120 -0.0104
38313 270 -0.0022
52341 242 0.0365
73134 113 0.0029
28119 110 -0.006
28571 297 -0.0112
44390 166 -0.0077
32616 170 -4e-04
49676 191 -0.0059
3040 190 0.0011
63451 95 0.0012
52448 297 -0.0022
80581 49 0.0017
54815 341 -0.0128
16296 236 0.0075
5606 106 -0.002
54864 194 0.0037
35082 296 0.0055
41592 223 0.0815
28521 289 0.0073
690 17 -0.0013
65766 73 -0.011
5212 45 -0.0072
69130 352 4e-04
33549 92 0.0057
46548 105 -0.0028
57960 155 -0.0057
5631 92 -0.01
27053 244 0.0032
19966 166 -0.0032
45574 250 -0.0023
40786 122 0.0014
71039 166 0.0033
78289 243 -0.0118
65863 216 -0.0022
47015 114 -0.0018
37910 268 0.0207
57325 39 0.0215
68499 309 -0.0082
22810 206 -0.0012
74161 190 0.0087
68012 16 -0.0111
24399 230 0.0052
479 79 -0.0062
26593 380 6e-04
29635 202 -0.0026
116945 234 0.0014
58477 16 -0.0082
17580 345 0.0025
47111 361 0.0229
61130 31 0.0026
16747 89 0.0087
39864 30 0.0175
67449 193 0.0038
81041 70 0.0119
76629 163 8e-04
45080 310 0.0028
70381 86 -0.0106
1384 189 -0.0028
25362 197 -0.0131
19178 191 -0.0088
53979 69 7e-04
25480 112 -0.0117
69599 74 -0.0054
66808 323 0.0036
18220 320 -0.0155
8537 202 -0.0016
2380 206 -0.0036
121234 17 -0.0048
55558 213 -0.0119
26588 272 -0.0115
56257 17 0.0068
26193 55 -0.0066
45879 228 0.0172
12164 220 0.002
79320 333 0.0018
2621 74 -0.0104
60996 181 -0.0066
39160 319 -0.0083
67468 185 0.0049
17382 125 -0.0127
47158 303 0.009
56054 198 -0.0078
64973 208 -0.0031
19679 7 0.0148
28632 269 0
43311 243 -0.0079
34252 54 0.0047
66837 13 0.0229
50383 227 0.0134
917 254 8e-04
3874 134 -0.0104
6286 295 -0.0077
54159 223 -0.0018
68224 59 0.008
46806 368 -0.0112
69706 57 -0.0013
22 238 -0.0054
63926 261 -0.0026
21886 62 -0.0072
50819 132 0.0017
5347 394 0.0119
3171 169 9e-04
43505 62 -0.0012
6820 262 -0.0013
72112 197 -0.0021
63700 325 -0.0133
10696 293 0.0176
19437 271 -0.0097
78096 84 0.0053
57194 16 -0.0032
21212 267 0.0024
61766 196 -0.0079
35104 250 -0.0132
63577 228 -0.0053
73855 93 -1e-04
58047 47 -0.0028
26695 108 0.0337
32955 402 0.0118
50494 291 0.0055
53962 106 -0.0022
75491 181 -0.0067
78995 136 0.0013
93911 162 -0.0067
35338 311 0.0034
48764 233 0.0188
17225 66 0.0095
70273 199 0.0228
8941 105 0.0029
10465 170 -0.008
18142 60 -0.0096
56440 377 -0.0043
28558 232 -0.0034
74376 300 -0.0039
32430 201 -0.0086
26945 217 -0.0034
14451 48 -0.0102
49937 353 0.011
55600 234 -6e-04
61034 32 0.0029
126633 21 0.0204
70673 38 0.0204
36933 47 -0.0028
2584 50 0.0334
38675 374 -0.0041
55736 178 0.0054
78810 168 0.003
79251 72 -0.0053
43363 175 0.0376
35091 102 -0.0016
15808 403 -0.0056
22805 405 8e-04
48683 47 -0.0021
75745 268 -0.0017
35687 267 0.0044
2287 257 0.0112
38920 60 -0.0064
26974 150 -0.002
53273 281 0.017
19199 133 0.0342
38926 312 -0.0047
69754 112 -0.0021
31601 209 -0.011
54874 288 0.0121
64767 88 -0.0112
76478 196 -0.0093
62448 57 -0.0055
35442 338 0.0169
61769 161 0.0078
37464 367 0.0162
20872 302 -0.0047
4650 224 0.0097
38317 42 0.0201
71734 119 -0.0044
46415 274 -0.0087
4281 104 -0.0083
4021 77 6e-04
48725 172 -0.0083
51671 224 0.0048
78527 27 0.0119
43660 243 0.004
29753 244 -0.001
49329 126 -0.0071
75253 145 0.0149
42709 199 0.008
42130 308 -0.0034
14109 96 0.0038
14206 211 0.0096
1708 364 -0.0123
67630 258 -0.0046
81490 350 -0.009
79406 114 0.0202
65565 88 0.0129
70655 210 0.0432
7083 346 0.0014
57088 92 -0.0022
7509 46 0.0057
36523 208 0.0066
75251 222 -0.0103
5663 213 0.0153
50022 51 -0.0021
58182 161 -0.0034
48843 17 -0.0027
63678 129 0.0182
76295 278 0.0052
78042 98 0.003
56374 156 -0.0061
39611 191 -0.0096
49598 322 0.0145
37900 117 -0.0074
19881 21 -0.0124
42113 180 -0.0136
48750 237 -4e-04
65603 110 0.0028
14513 199 -0.0111
79108 261 0.0148
64788 253 -5e-04
21233 334 0.0051
59831 321 -0.0052
44628 362 -0.0134
72918 235 -0.0118
76597 220 -0.0057
75967 214 0.0035
13864 100 0.0036
56015 338 0.0564
27896 247 -0.011
114597 144 -0.0079
7681 320 -0.0075
65758 230 9e-04
71255 62 -0.0042
10116 60 0.0078
1969 335 0.0052
16785 136 0.0376
77912 242 -0.0067
77619 105 0.0028
82 259 -0.0131
5539 47 0.0317
16573 30 0.0043
62629 93 -0.0073
65920 80 0.025
74905 183 0.0182
2320 242 0.0276
68066 234 0.0075
42555 73 0.0183
42236 99 -0.0029
36035 89 0.0041
24459 306 0.0054
60983 222 0.0045
63982 38 -0.0042
43686 92 -0.0093
63214 238 -0.0073
28868 67 -0.005
77614 158 0.0154
76220 163 0.0114
41400 76 0.0469
71471 185 -0.0138
118 269 -9e-04
23824 224 0.0098
9227 280 -0.0146
5434 174 6e-04
68176 303 0.0035
3870 17 -0.006
32122 14 0.0189
12532 300 -0.0011
80680 50 -0.0055
22125 187 -7e-04
76028 202 -0.0031
67346 355 0.0207
48959 268 0.029
93774 161 -0.0076
15673 99 0.002
70427 57 0.0038
19441 42 -0.0083
18657 238 0.0045
40507 68 0.0012
23057 309 -0.0105
19662 302 0.0203
1366 260 0.0052
33847 315 -0.0119
74721 130 -3e-04
51378 278 2e-04
39914 198 0.0011
17171 14 0.005
46776 367 0.0043
55187 169 0.0101
42073 144 0.0055
14680 300 0.0149
13651 293 0.0134
32507 336 -0.0022
79742 280 0.0103
2587 247 -0.0028
59696 249 0.0015
68488 222 0.0096
5259 229 0.0015
26180 187 -0.0032
44723 293 -0.0027
46826 174 -0.0109
69661 270 0.011
59244 75 -0.0022
1428 258 -0.0029
16796 311 -0.0088
60792 270 0.0039
63011 323 0.0079
79580 304 0.0012
70139 270 -0.0013
28171 233 -0.0081
24190 41 0.0061
75879 361 0.0148
3339 275 0.0022
35996 176 -0.0064
3888 232 0.0016
59146 91 0.0066
53106 321 6e-04
32353 212 0.0102
65507 153 0.0093
79424 214 -0.0036
34314 39 -0.0045
72593 367 9e-04
76172 116 -0.0033
63697 243 -0.0076
57704 142 0.02
53535 111 -0.0081
20267 147 0.0154
104076 211 0.0134
28867 338 -0.0066
37683 273 0.0128
57309 350 -0.0044
35248 21 -0.0118
71687 50 0.0048
25822 58 0.0057
33790 77 -0.0028
39459 65 -6e-04
70759 91 -0.0012
19769 343 3e-04
23621 107 -0.0084
64523 34 -0.0131
58040 355 0.0312
115891 293 0.0235
56879 256 -0.003
42731 85 0.0012
398 248 -0.0056
31849 201 -0.0086
42090 219 0.0215
51590 361 -0.0092
5659 93 0.0122
104722 161 -0.0068
67304 95 0.0055
11302 229 0.0143
56757 34 -0.0144
81198 251 0.0406
41783 67 0.0031
19932 188 -0.0133
542 319 -0.0042
36863 79 0.0143
12119 316 0.0041
39651 227 9e-04
10264 183 5e-04
17267 26 0.0126
27433 364 0.0099
71500 257 -0.0012
25085 163 0.0103
81423 42 0.0226
11428 11 0.0306
57191 123 0.0147
25764 277 1e-04
13605 155 -0.0014
36981 228 0.0187
74532 307 -0.0012
71317 332 0.0029
81268 218 -0.0022
24657 82 -0.0062
478 96 -0.0051
42938 67 -0.0014
65142 252 -9e-04
43783 38 -0.0028
79363 70 -0.0012
4709 167 0.0071
79477 62 -0.0096
78696 220 -0.0071
56379 107 -0.0026
11376 54 -0.0055
22663 172 0.0084
32813 361 -0.0112
26660 123 0.0019
5501 162 0.0165
29600 307 0.0036
94625 355 0.0059
16827 232 -0.0035
25311 260 0.0155
78444 62 -0.0119
57409 7 -0.0088
29355 125 5e-04
79586 262 -0.0077
81090 183 -0.0096
38899 210 -0.0097
33854 328 0.0163
69136 197 -0.003
68199 145 0.0196
55638 279 0.0126
53087 75 -0.0061
26036 50 0.0154
13757 135 0.0207
60345 158 0.0114
49580 297 -0.0021
46024 285 0.0074
59965 137 -0.0066
9497 361 2e-04
49660 146 -0.0046
57045 311 0.0114
51480 100 -0.0112
52411 210 0.0258
75790 80 0.0304
54730 80 0.0095
5077 104 -0.0049
40735 361 9e-04
33678 226 -0.0067
46504 37 0.0034
56086 19 -0.0082
22853 234 -0.0022
78344 108 0.0041
27559 265 0.0094
127112 270 0.0111
44552 178 -0.002
63517 306 0.0021
8275 218 0.0034
2240 225 -0.0085
56444 301 0.0163
66363 256 -0.0062
1552 195 -0.0019
49198 133 0.009
64121 89 -0.0054
51562 278 -0.0119
58375 182 0.0052
6059 328 -0.0036
47221 255 -0.001
17950 262 -0.007
75312 264 0.0283
103798 13 0.0305
63334 67 0.0282
40947 74 -0.004
18981 287 -0.0012
56110 354 0.0139
81496 252 0.0036
54705 269 0.0076
49133 215 0.0015
74714 367 -0.0078
20468 77 -0.009
53683 69 -0.0117
47876 277 -0.0019
57326 161 0
2709 36 0.0097
26578 312 0.0019
80016 123 0.0032
573 326 -0.0098
5685 175 -0.0012
27679 77 -0.0098
24788 118 -0.0051
42273 320 -0.0046
54351 251 -0.0021
21513 137 0.0342
41989 71 0.0026
6425 74 0.0137
17194 165 0.0036
63793 330 0.008
64864 300 -0.011
31042 23 -0.0089
45065 15 -0.0088
6620 23 -0.0104
19914 234 -0.0095
37630 184 0.0019
21949 108 0.0048
12659 45 -0.0089
25370 253 -0.0101
266 25 -0.0083
9522 90 0.0049
28298 39 0.0202
28153 217 -0.0076
102697 170 0.0234
17786 311 -0.0038
73244 343 -0.0065
22910 125 -0.0098
48713 142 0
54538 82 0.0138
32380 55 9e-04
11690 354 -0.0043
49677 48 0.0042
5866 314 0.0211
40556 175 5e-04
55673 177 0.0299
76213 342 0.007
28145 20 1e-04
48053 377 -0.0041
77755 62 -0.0054
55469 70 -0.0076
1397 96 -3e-04
19078 295 -0.0062
79189 134 -0.0136
23065 88 -5e-04
34660 333 0.0272
73218 274 -0.0074
56368 327 -0.0071
12181 289 0.0038
75235 305 0.0036
33013 285 -0.0085
17803 37 -0.0067
72377 326 -0.0139
55146 54 0.0165
69771 80 8e-04
44387 25 -0.0043
53461 17 -0.0062
42 109 0.0035
70868 274 -0.006
64205 85 -0.0072
60102 29 -0.0099
34004 198 0.0079
30813 277 7e-04
65251 362 -0.0045
28161 154 -5e-04
26011 356 0.0016
11515 26 -0.0106
64026 218 0.0053
81429 185 0.0032
68047 175 -0.0055
3664 143 0.0396
68601 79 0.0089
22560 397 -0.0012
17664 29 -0.009
40087 171 -0.0212
47303 238 -0.002
46538 161 0.0108
29978 265 -0.0023
1606 160 0.0217
12090 338 0.0274
48283 301 0.0025
63398 357 -0.0046
66411 34 -0.0047
51898 286 0.01
54643 122 0.0116
9354 309 -0.013
4100 310 -0.0018
7898 240 0.0184
44078 329 -9e-04
168256 47 -0.0084
25310 158 -0.0017
28149 39 -0.0052
67839 285 0.0309
35855 10 -0.0066
31568 213 -0.0127
68219 310 -0.0064
62044 341 0.0045
8600 38 2e-04
9471 262 -0.0029
17623 348 -1e-04
18047 128 -0.0062
72458 223 -0.0039
118710 143 0.0086
51868 117 0.0103
26804 243 0.0015
35337 172 -0.003
67331 284 0.0052
49407 376 -0.0066
17292 294 0.0024
6469 137 -0.0019
34179 185 -0.0119
40175 77 0.0265
80959 168 -0.0019
68039 329 2e-04
41159 254 0.006
44287 203 -0.0012
9217 166 0.0151
75583 93 0.0114
16866 309 -0.0014
66096 241 0.006
81357 334 0.014
77339 196 -0.0064
58975 39 0.0019
8324 239 0.002
32606 11 8e-04
16114 202 -0.0072
79085 198 0.0077
5930 154 0.0059
16984 232 -0.0096
79178 120 0.014
34143 22 9e-04
61046 349 0.0013
56169 57 0.0051
52585 196 -0.0022
74599 279 -0.0135
50659 108 -0.0062
38777 142 -0.0034
69359 161 -0.0014
20881 54 -0.0079
27019 156 -2e-04
35446 38 -0.0043
54102 155 0.0066
40442 382 -0.013
19309 150 4e-04
26523 162 -0.0108
4415 167 -0.0051
63509 322 -0.0104
25797 98 0.0084
61783 135 -0.0034
75102 110 8e-04
35415 184 -0.0078
63568 197 -4e-04
65613 183 -0.0104
51054 327 0.0464
69016 259 0.0106
38441 57 -0.0042
47680 77 -0.002
44768 215 -0.0034
66334 178 0.0267
46074 10 0.0019
54773 204 -0.0056
74652 347 -0.0105
46290 53 -0.0086
92136 46 -0.0059
64541 327 0.1411
12849 10 -0.0047
18241 245 0.0012
17202 277 -0.0081
2217 30 9e-04
10486 273 -0.0012
30309 406 -0.0068
7599 44 0.0153
17577 250 -2e-04
2339 152 0.0088
81624 275 0.036
14476 292 0.0089
3128 261 -0.0012
51209 127 0.0031
6309 147 0.003
31375 210 0.0055
36963 181 -0.0075
43561 66 -0.0103
43761 263 0.0012
70519 136 -0.0101
79371 336 0.0028
46124 114 -0.0053
5676 172 -0.0065
32304 183 0.0063
998 77 0.006
42194 167 3e-04
64096 41 -1e-04
11378 56 -7e-04
77660 202 0.0064
6185 202 -0.006
2384 148 -0.0011
29067 300 -0.0045
41047 62 0.0011
20959 216 -0.0117
9073 112 -0.003
47116 359 -0.0117
19735 274 -0.0016
8104 284 -0.0091
2656 44 0.001
70112 101 -0.0108
21059 240 -0.0083
1635 43 0.0137
28011 143 0.0133
34132 25 3e-04
36455 191 -0.0075
28115 194 0.0013
72018 319 -0.0108
61928 105 -0.0034
46584 95 0.0061
50923 342 0.0274
49428 193 0.0073
78251 277 0.0116
31173 259 -0.0033
13839 251 0.0312
85111 350 0.0224
56396 258 -0.0086
6517 235 -0.0112
7860 313 -0.0057
55335 116 -0.004
63834 319 0.0092
55371 55 -0.0031
18015 120 7e-04
32928 109 -0.0036
52630 215 0.0115
50538 53 -0.0056
1617 237 0.01
58241 157 0.0032
17207 355 -0.0137
58405 86 -0.0101
93415 114 0.0071
36452 317 0.017
57617 122 0.0062
34839 244 -0.0023
38096 208 -0.0037
27676 180 -0.004
75833 91 0.021
5782 35 -0.0074
59914 161 -0.0024
56584 246 -0.0044
55794 192 0.002
49833 257 -0.005
12574 348 -0.0085
44862 206 0.009
58292 112 -0.0135
49632 135 -0.0011
23038 199 -0.0064
26873 297 -0.0031
7820 331 -0.0131
109925 33 0.0105
16215 208 -0.0107
28443 203 0.0085
58276 184 -0.0014
31237 188 0.0394
8106 255 -0.005
25221 117 -0.0072
33268 197 -0.003
40772 205 -1e-04
2559 210 -0.006
49141 147 0.0101
67137 248 -0.0147
54993 177 -0.0082
68610 267 -0.0048
70223 230 0.0044
43514 114 0.0131
78069 154 -0.0012
28928 222 0.0232
34067 29 0.0104
28612 376 -4e-04
13803 315 0.0097
45504 149 -0.0012
77599 7 0.021
76808 253 -0.0078
8008 74 -0.0046
49430 323 0.0244
14093 347 -0.0092
38618 204 0.0123
59060 59 4e-04
69233 157 -0.0096
60748 217 0.0185
56566 225 0.037
39295 283 -0.007
20483 272 -0.0068
77765 290 0.0323
53772 171 -0.0093
19469 189 -5e-04
17200 296 -0.0018
44649 352 0.0099
6899 155 -0.0092
8900 145 -0.0115
290 273 0.0065
100045 244 -0.0044
18253 285 0.0126
41955 240 -1e-04
40682 282 0.007
76797 251 0.0126
11196 249 -8e-04
13136 154 0.0178
77377 276 0.0067
3472 71 -0.0109
32463 8 0.0327
67674 365 0.0092
40355 342 -0.0113
14259 66 0.0102
9867 337 0.0188
78323 258 -0.0061
117672 126 -0.0113
27016 205 0.0166
51425 39 0.011
61616 46 0.0294
42100 99 0.0041
67851 320 -0.0061
11072 237 -0.0049
36517 243 -0.0069
78779 22 -0.0072
6082 12 -0.0044
62835 158 0.0017
59334 80 -0.0045
59431 258 0.0109
29363 248 0.02
76778 203 -0.0072
13368 39 -0.0045
112838 369 0.0087
30297 200 -0.0049
81732 99 0.0149
54912 101 0.0236
19426 149 0.0195
55089 116 -0.011
53678 261 0.0097
63600 112 -0.0086
34587 198 -0.0012
72688 25 0.0189
73535 386 -0.0159
66244 321 -0.0028
10600 168 -0.0014
21656 46 0.0093
50481 327 -0.0095
80760 47 -0.0059
1867 214 0.0244
36184 74 -0.0057
31750 340 0.0056
45555 269 -0.0105
74158 32 4e-04
16283 30 -0.0065
44510 269 -0.003
15026 368 -0.0048
54437 145 -0.0041
24447 318 -0.0108
53507 322 0.0023
29561 232 -0.0124
78166 174 0.0208
29101 45 -0.0018
39951 364 -0.0045
75574 340 -0.0041
65741 334 0.0108
76984 19 -0.0098
26021 103 -0.0128
52332 376 -0.0045
31587 75 -0.0101
81287 349 0.0018
65586 60 -0.0054
43303 230 -0.0092
41284 272 0.0013
5110 309 0.0445
63391 208 0.0083
19837 254 0.0027
52731 43 -0.0074
71929 44 -0.0099
57355 262 0.0044
4834 210 -0.0081
68062 155 0.001
5094 278 0.0062
41393 235 -0.0067
68441 147 0.0013
42091 252 -0.0075
17074 293 0.0024
20020 85 -0.0062
23736 200 -0.0032
45488 282 -0.0033
5648 144 -0.0015
51791 61 -8e-04
66378 113 -0.0113
65746 219 0.0029
64734 171 0.0032
59185 48 -0.005
67784 133 0.0272
66181 170 -0.0046
71949 115 0.0161
45655 285 0.0067
77464 199 -0.0018
47520 341 -9e-04
66766 157 0.0014
64795 172 0.023
78085 87 0.0044
81708 68 -0.0036
5469 309 0.0132
45000 267 0.0068
45068 351 -0.0145
22651 215 -0.0122
7588 258 -0.0199
64296 75 0.0108
5022 333 0.0215
74086 279 -0.0083
18723 194 -0.0092
67333 191 -0.012
53800 278 -0.0028
4812 172 -0.0131
62142 69 0.0174
16753 333 -0.0064
58316 314 -0.0079
37608 77 0.0101
54724 299 0.0187
15291 203 0.0169
64168 334 0.011
13203 251 0.0276
63643 26 0.0012
330 298 0.0095
14582 115 -0.0067
11417 73 -0.0024
39480 182 -0.0086
33173 249 -0.0101
29099 263 -0.0059
46185 335 -0.0115
46828 320 -0.0029
33839 186 -0.0104
41670 67 -0.0014
26675 34 0.018
54628 104 0.0036
77999 241 0.02
22628 141 -0.0058
62984 364 0.0247
25140 303 -0.002
65674 198 0.011
3808 42 -0.0063
42622 64 0.0372
7152 302 -0.0039
12760 17 0.0168
41286 102 -0.0061
79725 19 0.012
4073 240 -0.001
49193 105 0.0104
63613 218 -0.0068
72927 337 -0.0145
54287 183 0.0103
47651 20 -0.0101
39076 100 -0.01
23575 179 0.0049
34493 153 0.0147
78317 231 0.0112
26101 246 -0.0083
66314 211 0.0209
29784 341 0.0223
27964 135 -0.0064
60303 275 -0.0055
78179 190 -0.0068
27487 110 -0.0068
1557 313 0.011
55463 151 -0.0047
81376 141 0.0127
9694 152 0.0071
16641 210 -7e-04
36728 148 -0.0065
76227 384 0.0057
30255 42 0.0084
62841 56 0.004
39440 287 0.0027
7562 268 -0.0063
26878 243 0.0151
27739 299 0.0165
32988 88 0.0137
81931 315 -0.0124
74025 32 0.0152
60448 149 0.0114
75588 79 0.0074
1376 288 -0.001
12054 75 0.0046
54656 205 -0.0123
7198 34 0.0104
37612 171 -0.0022
49013 78 0.0053
79986 242 -0.0083
1766 239 -0.0036
53913 177 -0.0071
13881 145 0.004
18333 180 0.0101
22350 283 0.0156
65098 205 0.0138
7868 202 -0.0064
33860 161 0.0021
23586 337 0.0071
58211 134 -0.0105
48656 30 -0.0033
39912 95 -0.0121
10556 11 0.0022
60208 11 0.0011
65394 106 0.0051
31800 325 -0.0056
37070 167 0.0022
39499 78 -2e-04
16490 92 0.0111
14493 284 -0.0055
6471 284 -0.0089
76299 194 -2e-04
34137 141 0.0107
18299 158 -0.0012
81890 72 0
6662 132 0.0031
71318 99 0.022
52475 9 -0.0072
63669 159 -4e-04
65566 101 -0.0065
74747 336 0.0476
17765 273 0.0324
5913 255 0.0021
61739 247 -0.0065
46359 163 0.0051
15372 112 0.0082
61287 26 2e-04
68990 276 0.0013
42212 91 -0.0082
50627 188 0
65729 355 -0.0175
76446 293 0.002
49970 244 0.0042
32007 65 -0.0124
48520 395 0.0195
32096 129 0.023
28066 167 0.0107
53267 312 0.0058
70547 392 -0.0031
17138 334 -0.0067
99148 330 1e-04
76651 277 -0.0071
56673 26 -0.0022
78934 62 -0.0044
55997 349 0.0123
61502 76 0.0045
17881 128 0.007
16704 221 0.007
71492 204 0.0016
1717 100 -0.0052
5980 22 0.0074
25962 55 -0.0033
55520 18 -0.0047
32150 191 -0.0082
80025 303 0.0175
55173 270 0.0066
67891 273 -0.003
20938 175 0.0017
57506 98 -0.01
68823 319 -0.0031
16445 340 0.0202
60300 54 -0.0075
6124 391 -0.0037
20759 171 -0.0049
64408 14 0.0042
70156 227 -0.0018
39578 116 -0.0086
48853 343 -0.0066
16246 183 0.0123
7968 160 0.0124
11380 125 -0.0018
81921 285 0.0067
72151 44 0.0179
21675 227 -0.0018
67757 387 -0.0017
49800 61 -0.0034
65092 363 0.0011
24515 284 0.0168
11400 148 0.0203
67962 132 4e-04
26256 124 -0.0057
26121 348 -0.0099
5263 71 -0.0057
47071 155 0.0086
10984 71 0.0023
28748 178 0.01
55697 34 -0.0011
61754 261 0.0032
61395 123 -0.0047
9036 171 0.0011
18911 115 0.0138
18597 100 -0.0062
13033 225 -0.0025
65041 317 4e-04
2549 180 0.0065
78362 84 0.0047
33220 322 -0.0201
83551 250 -0.0092
2678 324 0.0015
12492 249 0.0138
2853 277 -0.0115
57582 244 5e-04
7794 297 0.0027
75274 205 0.004
67643 173 0.0042
54740 84 -0.0109
44382 286 -0.0041
4041 19 -0.0083
78068 161 -0.011
74901 270 -0.0096
58279 312 2e-04
74489 230 0.0032
10131 53 -0.0021
44635 401 -0.0011
27785 180 0.0064
50298 17 -0.0024
74855 387 0.0168
38796 313 -0.0023
6698 290 -0.0108
39479 207 -0.0065
33693 309 0.0123
68680 90 -0.0017
45212 252 0
1479 35 -0.0073
24188 125 0.0221
76016 10 -0.0076
1752 176 -0.0025
40221 160 0.003
64678 242 -0.0054
5530 150 -1e-04
73256 38 0.0094
22498 182 -0.0063
27219 92 0.0104
27850 44 -0.0031
24172 181 -0.0051
4621 227 -0.0043
474 212 -0.0013
75128 360 -0.012
3644 288 0.0028
9143 151 -0.0061
61683 288 0.0039
28595 143 0.0053
70022 236 0.0014
34019 73 -0.0052
24374 185 0.009
27051 113 2e-04
27349 293 -0.0057
31611 274 -0.0075
28437 277 -0.0065
28214 102 -0.0081
61308 293 0.0335
46155 87 0.0034
11747 245 -5e-04
53302 141 0.004
116711 170 -0.0057
67991 284 -0.0066
32586 103 0.0042
60471 24 -0.0056
57092 137 -0.0051
52588 218 -0.0123
71257 76 -0.0041
65152 173 -0.0059
21260 351 0.0134
47233 310 0.0224
54280 365 0.0075
5718 262 0.0064
20815 232 0.0081
56287 187 0.0228
16100 92 -0.0091
76315 38 9e-04
36944 182 -0.0019
49386 366 0.0019
2677 68 -0.0045
40612 316 -0.0125
76032 228 0.0029
33378 226 0.0067
81552 190 -0.0024
16538 34 -0.0027
28903 72 -0.0135
2473 135 0.0037
52284 54 -0.0051
10604 338 -0.0013
40909 182 -0.0013
55326 134 -0.0095
40071 183 0.0057
54377 20 0.0386
26462 227 -0.0094
70252 215 -0.0049
7227 273 -0.0064
28960 306 0.0014
66473 158 -0.0079
74601 299 0.0153
69604 347 -0.0051
55805 283 -0.0083
31969 279 0.0018
22133 46 -0.0107
39805 48 -0.008
7479 300 0.019
49280 79 -0.008
13944 319 0.0141
52953 116 -0.0097
16463 207 -0.0129
74473 67 -0.0045
71034 175 -1e-04
35500 213 -0.0035
58540 90 -0.0095
52961 47 0.0298
59904 102 0.0091
63777 317 0
17068 133 -0.0026
31893 269 0.0136
2739 107 -0.0064
58709 296 -0.002
51510 40 -0.0115
68984 243 0.0252
45116 272 -0.001
7706 135 -0.0021
440 26 -1e-04
17338 128 -0.0058
59931 109 -0.0089
12953 135 0.0032
16643 275 0.0037
35108 56 0.0177
27128 121 -0.0114
71303 80 1e-04
49780 285 0.0092
41266 125 0.0053
34403 302 -0.0156
56115 149 0.0035
64639 167 0.0081
70305 224 0.0015
11260 249 -0.0074
60695 300 -0.0072
1793 264 0.0052
571 254 -0.0044
6225 298 0.0338
72697 266 5e-04
64128 254 -0.0102
73135 106 -0.0113
58389 342 0.012
23415 344 2e-04
48694 249 0.0096
60013 226 -0.0027
55641 36 -0.0045
31097 270 -0.0095
14819 98 -0.0098
49715 34 0.0161
30423 219 0.0055
8749 210 -0.0093
72673 351 -8e-04
22053 68 -0.0059
40927 372 0.0018
52158 267 0.0511
41719 263 0.0384
79203 153 -0.0187
75546 144 0.0037
64703 116 -0.0045
34885 225 0.0185
48133 69 -1e-04
2405 169 -0.0011
15455 320 0.0124
50232 227 0.0059
28824 182 -0.0073
4615 87 -0.0048
7545 159 -0.0098
78535 235 0.0013
28218 155 0.025
7675 182 0.0339
67460 224 -0.0013
3645 215 0.0303
32245 163 0.0051
55524 272 0.0064
41935 368 -0.0139
28789 100 -0.0047
24041 69 -0.0041
28842 14 -0.0064
14452 23 -0.0089
64084 325 -0.0023
75807 300 0.0016
74338 120 -0.0067
27137 167 0.0337
62221 268 0.0071
20029 41 0.0045
72693 137 -0.0031
51920 180 0.0095
80564 296 -9e-04
64587 189 -0.0123
5597 119 -7e-04
4666 220 0.0231
23653 205 0.0093
77119 98 -0.0117
47294 243 0.0101
65910 83 -0.0044
75132 104 -1e-04
50037 86 -0.0019
75763 120 0.0054
80828 361 0.0039
17930 237 0.0023
71824 221 0.0365
14415 90 0.003
71828 195 0.0049
17618 119 -0.0078
67385 45 0.0071
80863 221 0.0033
7810 207 0.0198
15382 125 -0.0104
71926 65 0.0106
75692 293 -0.0058
59735 13 0.0093
34230 32 -0.0049
1524 303 0.0143
79047 91 0.0126
48774 63 -0.0078
5728 201 -8e-04
53089 125 0.0024
20602 233 -0.0044
6519 12 -0.0018
26424 169 0.0231
80955 36 0.0013
67873 285 -0.001
28573 369 0.0098
25154 150 -0.0045
267 184 -0.0067
1906 82 0.0042
68280 261 0.0016
6261 88 0.0024
37646 60 0.0136
29236 310 -0.002
7625 101 0.0014
4503 205 0.0071
661 15 -0.0044
65086 175 0.0135
26288 349 -0.0049
52706 98 -0.005
36017 333 -0.0087
80355 75 0.0109
6700 162 0.0255
3963 67 -0.0054
43075 132 0.0261
3234 45 4e-04
50245 296 0.0139
6172 326 -0.0081
60076 285 9e-04
26637 69 0.0089
14655 94 0.0023
62971 349 0.0035
72616 210 0.0013
81773 336 -0.0113
45732 109 -0.0012
51595 283 0.0012
66616 294 -0.0033
64163 172 0.0025
50312 283 -0.0048
44991 59 -0.0119
69724 231 -0.005
77476 196 -4e-04
25410 107 -0.0053
46503 87 0.0041
57123 101 -0.0122
7159 155 -0.0078
21108 92 0.0019
12367 116 -0.0043
63900 333 -0.0034
52885 168 -8e-04
7563 367 0.0047
74666 169 -0.0052
