chrom	pos
1913	248
3136	60
3217	296
5067	194
7156	25
7639	331
8443	8
10016	308
10404	152
11170	131
11402	81
11529	84
12646	290
13484	156
15324	53
15416	136
16059	367
17179	356
20832	335
21768	94
23178	124
24141	172
26046	81
26896	302
26925	324
27882	337
28340	212
28630	264
29183	182
29770	211
30968	112
31026	245
32602	269
33268	338
33743	31
37349	62
38428	178
39368	124
39500	290
42762	91
42821	215
42825	229
45251	70
45686	24
45784	65
46133	310
47002	207
50973	295
52582	272
53114	70
53396	222
57010	15
