chrom	pos
150	165
7110	225
10342	93
12289	254
12705	235
13541	136
17375	128
17580	77
19540	24
20984	172
26608	269
27539	76
29374	113
29754	163
29999	113
31795	270
31909	194
34498	224
38800	84
39600	35
40858	92
43201	137
45695	129
47916	67
49078	52
50339	72
53340	133
60161	216
60612	200
60960	26
63802	232
65037	171
66893	39
69967	119
71545	297
73131	127
73618	125
80089	54
80291	202
83472	43
91124	246
92204	273
93997	16
98195	180
98552	247
101235	159
102125	129
102817	103
104734	117
105360	170
112107	179
124502	88
138228	43
