chrom	pos
1760	114
3860	168
5115	108
6075	29
7110	225
8411	33
8861	57
10342	93
12398	251
12454	260
12705	235
13541	136
17580	77
19540	24
21810	240
25034	193
26608	269
27755	33
29231	157
29754	163
29999	113
31364	95
31909	194
32567	110
33618	243
34498	224
38111	230
38732	167
38800	84
39297	281
41651	182
42417	207
44341	120
45053	79
45695	129
47021	75
47916	67
50130	182
51932	225
52898	89
53340	133
54583	341
59157	311
59760	199
59864	275
60612	200
60960	26
61085	168
63357	219
65037	171
65134	170
66762	191
68812	119
69184	60
70662	85
71226	115
71545	297
72776	114
77859	100
78048	267
80089	54
80414	294
80426	305
82337	31
83541	58
85663	87
87728	149
89603	92
91597	316
92204	273
92793	118
92979	111
94942	356
95086	146
95662	224
96730	213
97672	44
98072	9
98412	14
98476	185
98587	295
100725	241
102817	103
103250	29
104734	117
112107	179
120681	10
135632	166
